0 0 0
0 0 0
0 0 0
0 0 0
0 0 0
0 0 0
0 0 0
0 0 0
0 0 0
0 0 0
0 0 0
0 0 0
0 0 0
0 0 0
0 0 0
0 0 0
0 0 0
0 0 0
0 0 0
0 0 0
0 0 0
0 0 0
0 0 0
0 0 0
0 0 0
197.595 0.274845 872.763
187.743 -0.048671 116.876
6.64233 -0.0573047 0
0 0 0
0 0 0
0 0 0
0 0 0
0 0 0
0 0 0
0 0 0
0 0 0
0 0 0
0 0 0
0 0 0
0 0 0
0 0 0
0 0 0
0 0 0
0 0 0
0 0 0
0 0 0
0 0 0
0 0 0
0 0 0
0 0 0
0 0 0
0 0 0
0 0 0
0 0 0
0 0 0
0 0 0
0 0 0
0 0 0
0 0 0
237.285 -0.0719522 834.886
271.167 -0.215969 443.195
255.664 -0.169283 336.142
133.024 -0.101482 179.234
41.8867 0.0037657 62.0769
0 0 0
23.5864 0.21036 33.842
30.0371 0.162916 42.5978
17.6798 0.115494 92.5456
0 0 0
-9.11939 0.118946 265.093
-25.5798 0.0273229 110.336
-23.4551 0.0104542 52.7959
-57.5363 0.00816567 84.637
-83.6367 0.0134793 92.4951
-85.3822 0.0114861 93.7467
-80.8959 -0.000667503 85.9171
-56.6124 -0.00698805 43.2807
-71.1512 -0.00646687 88.6827
-93.9206 -0.0134229 98.8597
-90.2701 -0.00866957 97.9344
-64.671 -0.0059456 49.3759
-89.0204 0.000350272 114.073
-125.969 -0.0084056 128.697
-123.104 -1.10142e-005 128.569
-92.6043 0.00127576 70.4593
0 0 0
-238.861 0.0071512 344.71
-101.613 -0.00700997 118.109
-73.2421 -0.000466401 55.3156
-73.75 0.0152381 117.523
0 0 0
-279.532 -0.0352774 237.678
-31.6801 0.0157339 23.6811
-54.9032 0.0258424 96.5413
0 0 0
-223.942 -0.0271825 165.861
-25.6568 0.0152248 70.7912
-69.9907 0.00206465 71.6628
0 0 0
-107.675 -0.00956704 105.01
-35.4056 -0.0048481 39.3516
0 0 0
-75.0983 -0.00520063 74.5435
-25.5713 -0.0100653 18.6077
0 0 0
-101.352 7.18815e-005 84.9956
-12.8282 -0.00346601 9.30951
0 0 0
-75.8892 0.00303443 65.331
-10.7884 -0.00556427 7.83252
0 0 0
-61.7055 0.00088025 55.5222
0 0 0
-23.6062 -0.00580592 41.9558
0 0 0
-76.9757 -0.000334103 56.5662
0 0 31.8348
0 0 0
-99.2687 0.00541465 73.7041
-1.6056 -0.0162392 38.5778
0 0 0
-122.469 0.0123358 92.0112
-5.78409 -0.019883 45.2153
0 0 0
-143.733 0.0197282 109.305
-10.7756 -0.0231889 51.1594
-48.6943 -0.00673081 61.0131
0 0 0
-158.79 0.0321872 122.538
-17.3663 -0.0293302 49.212
-44.9258 -0.012545 60.1776
-47.3544 0.00382264 62.8326
-60.7959 2.15082e-005 47.4774
0 0 0
-70.3722 0.0129743 67.2204
-13.388 -0.0014304 20.2116
-29.3702 0.00461757 23.1538
0 0 0
0 0 0
0 0 0
0 0 0
0 0 0
0 0 0
0 0 0
0 0 0
0 0 0
0 0 0
0 0 0
0 0 0
0 0 0
0 0 0
0 0 0
0 0 0
0 0 0
0 0 0
0 0 0
0 0 0
0 0 0
196.728 0.15813 344.912
132.732 -0.0309462 142.159
75.6612 -0.0647494 70.6871
0 0 0
5.20332 -0.0126179 0
0 0 0
0 0 0
0 0 0
0 0 0
0 0 0
0 0 0
0 0 0
0 0 0
0 0 0
0 0 0
0 0 0
0 0 0
0 0 0
0 0 0
0 0 0
0 0 0
0 0 0
0 0 0
0 0 0
0 0 0
0 0 0
0 0 0
0 0 0
0 0 0
0 0 0
0 0 0
0 0 0
0 0 0
0 0 0
0 0 0
0 0 0
0 0 0
0 0 0
0 0 0
0 0 0
0 0 0
0 0 0
0 0 0
0 0 0
0 0 0
0 0 0
0 0 0
0 0 0
0 0 0
0 0 0
0 0 0
0 0 0
0 0 0
0 0 0
0 0 0
0 0 0
0 0 0
0 0 0
0 0 0
0 0 0
0 0 0
0 0 0
0 0 0
0 0 0
0 0 0
0 0 0
0 0 0
0 0 0
0 0 0
0 0 0
0 0 0
0 0 0
0 0 0
0 0 0
0 0 0
0 0 0
0 0 0
0 0 0
0 0 0
0 0 0
0 0 0
0 0 0
0 0 0
0 0 0
0 0 0
0 0 0
0 0 0
0 0 0
0 0 0
0 0 0
0 0 0
0 0 0
0 0 0
0 0 0
0 0 0
-372.746 0.497238 2380.97
-129.454 -0.309998 567.06
-222.61 -0.353948 385.261
-82.7615 -0.0495501 145.809
0 0 0
0 0 0
0 0 0
0 0 0
0 0 0
0 0 0
0 0 0
0 0 0
0 0 0
0 0 0
-81.6187 -0.0604924 58.3149
0 0 0
-29.9179 -0.137367 21.4148
0 0 0
0 0 0
-30.2607 0.0172704 22.2673
0 0 0
-34.6904 0.134495 25.7236
0 0 0
-47.5394 0.142272 35.3172
0 0 0
-60.4218 0.0729454 45.1092
-27.7397 0.00521739 20.7727
0 0 0
-84.6225 -0.0238095 64.0605
-36.9078 -0.0546394 28.068
0 0 83.1182
0 0 0
-239.8 0.0226056 260.14
-74.7094 -0.0571963 57.8428
0 0 42.1903
-27.7435 -0.0417415 45.4126
-43.5319 -0.00802197 48.144
-49.3107 -0.0051795 45.1031
0 0 0
-10.0072 0.0159305 117.8
2.36717 -0.020178 71.8629
4.69988 -0.0175183 64.8843
0 0 0
21.6827 0.0130741 80.8241
0 0 0
0 0 0
0 0 0
0 0 0
0 0 0
0 0 0
0 0 0
0 0 0
0 0 0
0 0 0
0 0 0
0 0 0
0 0 0
0 0 0
0 0 0
0 0 0
0 0 0
174.181 0.15597 255.767
152.552 0.0400086 166.492
104.833 -0.00922638 106.282
0 0 0
52.3425 0.0232533 39.4462
15.2212 0.0238691 0
0 0 0
0 0 0
0 0 0
0 0 0
0 0 0
0 0 0
0 0 0
0 0 0
0 0 0
0 0 0
0 0 0
0 0 0
0 0 0
0 0 0
0 0 0
0 0 0
0 0 0
0 0 0
0 0 0
0 0 0
0 0 0
0 0 0
0 0 0
0 0 0
0 0 0
0 0 0
0 0 0
0 0 0
0 0 0
0 0 0
0 0 0
0 0 0
0 0 0
0 0 0
0 0 0
0 0 0
0 0 0
0 0 0
0 0 0
0 0 0
0 0 0
0 0 0
0 0 0
0 0 0
0 0 0
0 0 0
0 0 0
0 0 0
0 0 0
0 0 0
0 0 0
0 0 0
0 0 0
0 0 0
0 0 0
0 0 0
0 0 0
0 0 0
0 0 0
0 0 0
0 0 0
0 0 0
0 0 0
0 0 0
0 0 0
0 0 0
0 0 0
0 0 0
0 0 0
0 0 0
0 0 0
0 0 0
0 0 0
0 0 0
0 0 0
0 0 0
0 0 0
0 0 0
0 0 0
0 0 0
0 0 0
0 0 0
0 0 0
0 0 0
0 0 0
0 0 0
0 0 0
0 0 0
0 0 0
-257.123 0.631552 2893.82
-24.6027 -0.436732 457.112
-118.825 -0.444911 297.657
-2.56785 -0.0936949 70.177
0 0 0
0 0 0
0 0 0
0 0 0
0 0 0
0 0 0
0 0 0
0 0 0
0 0 0
0 0 0
0 0 0
0 0 0
0 0 0
0 0 0
-115.294 -0.165366 82.6507
0 0 0
-28.3247 0.44955 23.6353
0 0 0
-23.8985 1.06748 20.2485
0 0 0
-42.5305 1.86728 36.3287
0 0 0
-55.6649 2.18081 47.9027
-34.0758 0.749454 23.0149
0 0 0
-66.189 2.11216 57.6122
-45.3397 0.490052 30.8524
-3.85796 -0.966357 87.0165
0 0 0
-192.719 8.67991 250.742
-106.923 4.11765 71.3386
0 0 35.6283
-10.3195 -2.05447 38.3996
-34.2141 -1.62244 49.4646
-50.7636 -0.936914 52.3726
0 0 0
-59.3766 0.113459 116.123
-39.6226 0.415474 48.4167
-32.7052 0.429738 36.7883
0 0 0
-1.94237 0.417147 51.0946
0 0 0
0 0 0
0 0 0
0 0 0
0 0 0
0 0 0
0 0 0
0 0 0
0 0 0
0 0 0
0 0 0
0 0 0
0 0 0
0 0 0
0 0 0
0 0 0
0 0 0
0 0 0
184.735 0.0221207 315.653
144.914 -0.114071 156.001
88.4025 -0.140679 85.3976
0 0 0
20.0141 -0.0771252 2.19132
9.20363 -0.0155697 0
0 0 0
0 0 0
0 0 0
0 0 0
0 0 0
0 0 0
0 0 0
0 0 0
0 0 0
0 0 0
0 0 0
0 0 0
0 0 0
0 0 0
0 0 0
0 0 0
0 0 0
0 0 0
0 0 0
0 0 0
0 0 0
0 0 0
0 0 0
0 0 0
0 0 0
0 0 0
0 0 0
0 0 0
0 0 0
0 0 0
0 0 0
0 0 0
0 0 0
0 0 0
0 0 0
0 0 0
0 0 0
0 0 0
0 0 0
0 0 0
0 0 0
0 0 0
0 0 0
0 0 0
0 0 0
0 0 0
0 0 0
0 0 0
0 0 0
0 0 0
0 0 0
0 0 0
0 0 0
0 0 0
0 0 0
0 0 0
0 0 0
0 0 0
0 0 0
0 0 0
0 0 0
0 0 0
0 0 0
0 0 0
0 0 0
0 0 0
0 0 0
0 0 0
0 0 0
0 0 0
0 0 0
0 0 0
0 0 0
0 0 0
0 0 0
0 0 0
0 0 0
0 0 0
0 0 0
0 0 0
0 0 0
0 0 0
0 0 0
0 0 0
0 0 0
0 0 0
0 0 0
0 0 0
-368.62 0.422596 2052.78
-128.707 -0.190683 661.096
-272.357 -0.281677 472.114
-160.616 -0.0194976 219.964
0 0 0
-44.0529 0.14375 32.333
0 0 0
0 0 0
0 0 0
0 0 0
0 0 0
-109.559 0.00959354 78.9898
-2.92924 -0.00851462 2.09612
0 0 0
0 0 0
-31.7861 0.00494438 22.9421
0 0 0
-19.4256 0.020541 14.0841
0 0 0
-23.8236 0.0238592 17.3101
0 0 0
-29.247 0.0118407 21.3397
0 0 0
-37.45 -0.00293377 27.5164
0 0 0
-48.7872 -0.0107334 36.1808
-22.955 -0.0178122 17.105
0 0 0
-72.6925 0.000583703 54.7917
-2.70954 -0.0398728 100.694
0 0 0
-302.341 0.110876 295.039
-58.701 -0.0180463 45.02
0 0 45.9663
-32.4136 -0.00575741 51.569
0 0 0
-143.42 0.0250132 111.428
-29.4215 -0.035578 42.6904
-43.9977 -0.0245287 47.6935
-40.7193 -0.00713403 50.3378
0 0 0
4.90664 0.0295094 113.382
6.767 -0.00327198 52.5149
2.81068 -0.00194139 37.5005
0 0 0
7.49528 0.0257145 44.0748
0.102777 -0.0251881 0.0486628
0 0 0
0 0 0
0 0 0
0 0 0
0 0 0
0 0 0
0 0 0
0 0 0
0 0 0
0 0 0
0 0 0
0 0 0
0 0 0
0 0 0
0 0 0
164.259 0.118571 236.126
127.711 0.000896264 153.149
87.2798 -0.0361988 104.627
0 0 0
104.012 0.0251853 102.212
34.248 -0.00603603 15.838
24.3893 0.00160265 2.51868
0 0 0
0 0 0
0 0 0
0 0 0
0 0 0
0 0 0
0 0 0
0 0 0
0 0 0
0 0 0
0 0 0
0 0 0
0 0 0
0 0 0
0 0 0
0 0 0
0 0 0
0 0 0
0 0 0
0 0 0
0 0 0
0 0 0
0 0 0
0 0 0
0 0 0
0 0 0
0 0 0
0 0 0
0 0 0
0 0 0
0 0 0
0 0 0
0 0 0
0 0 0
0 0 0
0 0 0
0 0 0
0 0 0
0 0 0
0 0 0
0 0 0
0 0 0
0 0 0
0 0 0
0 0 0
0 0 0
0 0 0
0 0 0
0 0 0
0 0 0
0 0 0
0 0 0
0 0 0
0 0 0
0 0 0
0 0 0
0 0 0
0 0 0
0 0 0
0 0 0
0 0 0
0 0 0
0 0 0
0 0 0
0 0 0
0 0 0
0 0 0
0 0 0
0 0 0
0 0 0
0 0 0
0 0 0
0 0 0
0 0 0
0 0 0
0 0 0
0 0 0
0 0 0
0 0 0
0 0 0
0 0 0
0 0 0
0 0 0
0 0 0
0 0 0
0 0 0
0 0 0
0 0 0
0 0 0
0 0 0
-349.934 0.53628 2502.45
-108.425 -0.342678 536.911
-191.069 -0.367834 360.416
-60.4165 -0.0523402 124.036
0 0 0
0 0 0
0 0 0
0 0 0
0 0 0
0 0 0
0 0 0
0 0 0
0 0 0
0 0 0
0 0 0
0 0 0
-118.094 -0.0996504 84.6762
-3.5139 -0.183569 2.32709
0 0 0
0 0 0
-23.6706 -0.0152179 17.4415
0 0 0
-42.8649 0.121667 31.8646
0 0 0
-55.0129 0.172262 41.1176
-24.6988 0.127873 18.5576
0 0 0
-76.4465 0.0691715 57.6709
-33.9341 -0.00214744 25.6874
-37.5021 -0.0286863 28.529
0 0 0
-156.174 -0.10424 200.042
-57.6859 -0.081669 120.685
-86.9261 -0.0710453 67.3204
0 0 43.1895
-30.3663 -0.0368239 51.0611
-49.2088 0.00434849 55.5632
-54.0631 0.0118173 50.4622
0 0 0
-27.758 0.0310518 115.908
-12.2278 -0.0127549 62.0939
-8.15254 -0.0131636 52.9063
0 0 0
13.5653 0.0133275 66.748
0 0 0
0 0 0
0 0 0
0 0 0
0 0 0
0 0 0
0 0 0
0 0 0
0 0 0
0 0 0
0 0 0
0 0 0
0 0 0
0 0 0
0 0 0
0 0 0
0 0 0
0 0 0
197.904 0.210829 383.149
141.98 0.00184364 154.591
80.8318 -0.0423594 77.3309
21.4608 -0.0327491 2.752
0 0 0
0 0 0
0 0 0
0 0 0
0 0 0
0 0 0
0 0 0
0 0 0
0 0 0
0 0 0
0 0 0
0 0 0
0 0 0
0 0 0
0 0 0
0 0 0
0 0 0
0 0 0
0 0 0
0 0 0
0 0 0
0 0 0
0 0 0
0 0 0
0 0 0
0 0 0
0 0 0
0 0 0
0 0 0
0 0 0
0 0 0
0 0 0
0 0 0
0 0 0
0 0 0
0 0 0
0 0 0
0 0 0
0 0 0
0 0 0
0 0 0
0 0 0
0 0 0
0 0 0
0 0 0
0 0 0
0 0 0
0 0 0
0 0 0
0 0 0
0 0 0
0 0 0
0 0 0
0 0 0
0 0 0
0 0 0
0 0 0
0 0 0
0 0 0
0 0 0
0 0 0
0 0 0
0 0 0
0 0 0
0 0 0
0 0 0
0 0 0
0 0 0
0 0 0
0 0 0
0 0 0
0 0 0
0 0 0
0 0 0
0 0 0
0 0 0
0 0 0
0 0 0
0 0 0
0 0 0
0 0 0
0 0 0
0 0 0
0 0 0
0 0 0
0 0 0
0 0 0
0 0 0
0 0 0
0 0 0
0 0 0
-306.4 0.54345 2722.1
-68.6065 -0.412501 488.126
-143.074 -0.442328 321.449
-24.6464 -0.122343 90.0936
0 0 0
0 0 0
0 0 0
0 0 0
0 0 0
0 0 0
0 0 0
0 0 0
0 0 0
0 0 0
0 0 0
0 0 0
0 0 0
0 0 0
-105.25 -0.172432 75.695
0 0 0
-42.6169 -0.20704 30.8206
0 0 0
-22.3611 -0.0597288 16.5066
0 0 0
-49.4391 0.0887152 36.8859
0 0 0
-67.7295 0.149066 50.9341
-29.6345 0.118286 22.4283
0 0 0
-86.8767 0.0873143 66.1499
-7.5676 -0.0580093 90.8364
-101.205 -0.0645626 77.7439
0 0 0
-110.632 -0.103489 146.185
-25.3477 -0.0734836 70.8441
-40.3231 -0.0450245 70.3176
-59.6926 -0.0452742 46.5466
-34.396 -0.0364154 40.3577
0 0 0
-36.0304 0.0369186 107.421
-3.93578 0.00113383 52.9403
4.97808 0.00270295 45.9881
0 0 0
7.42619 0.0469842 58.0693
18.0477 0.0389239 30.3614
0 0 0
0 0 0
0 0 0
0 0 0
0 0 0
0 0 0
0 0 0
0 0 0
0 0 0
0 0 0
0 0 0
0 0 0
0 0 0
0 0 0
0 0 0
0 0 0
0 0 0
181.233 0.22047 289.039
149.991 0.0904776 161.316
95.2185 0.0482705 92.8061
0 0 0
29.4332 0.0709638 13.4055
10.1869 0.0685538 0
0 0 0
0 0 0
0 0 0
0 0 0
0 0 0
0 0 0
0 0 0
0 0 0
0 0 0
0 0 0
0 0 0
0 0 0
0 0 0
0 0 0
0 0 0
0 0 0
0 0 0
0 0 0
0 0 0
0 0 0
0 0 0
0 0 0
0 0 0
0 0 0
0 0 0
0 0 0
0 0 0
0 0 0
0 0 0
0 0 0
0 0 0
0 0 0
0 0 0
0 0 0
0 0 0
0 0 0
0 0 0
0 0 0
0 0 0
0 0 0
0 0 0
0 0 0
0 0 0
0 0 0
0 0 0
0 0 0
0 0 0
0 0 0
0 0 0
0 0 0
0 0 0
0 0 0
0 0 0
0 0 0
0 0 0
0 0 0
0 0 0
0 0 0
0 0 0
0 0 0
0 0 0
0 0 0
0 0 0
0 0 0
0 0 0
0 0 0
0 0 0
0 0 0
0 0 0
0 0 0
0 0 0
0 0 0
0 0 0
0 0 0
0 0 0
0 0 0
0 0 0
0 0 0
0 0 0
0 0 0
0 0 0
0 0 0
0 0 0
0 0 0
0 0 0
0 0 0
0 0 0
0 0 0
0 0 0
-176.403 0.815057 3525.89
50.1211 -0.585811 305.05
0 0 161.78
0 0 0
0 0 0
0 0 0
0 0 0
0 0 0
0 0 0
0 0 0
0 0 0
0 0 0
0 0 0
0 0 0
0 0 0
0 0 0
0 0 0
0 0 0
0 0 0
0 0 0
0 0 0
0 0 0
0 0 0
0 0 0
0 0 0
0 0 0
0 0 0
0 0 0
0 0 0
0 0 0
0 0 0
0 0 0
0 0 0
-151.706 -0.0808211 338.17
-111.794 -0.33123 149.91
-37.9561 -0.252512 86.8431
0 0 33.6174
0 0 7.52327
0 0 0
-29.8335 0.053659 30.2018
-23.4797 0.0395973 19.5806
-31.0141 0.0398047 24.8403
0 0 0
-15.2957 0.0662463 77.3916
5.44998 0.0240979 32.9784
16.0548 0.0229878 18.1641
0 0 0
0 0 0
0 0 0
0 0 0
0 0 0
0 0 0
0 0 0
0 0 0
0 0 0
0 0 0
0 0 0
0 0 0
0 0 0
0 0 0
172.445 0.234393 256.644
115.998 0.104736 126.181
76.0262 0.0673566 76.5516
0 0 0
49.1984 0.100741 42.2773
28.0776 0.0899653 16.3695
0 0 0
58.1099 0.128775 51.1035
42.3837 0.0862565 32.2764
0 0 0
0 0 0
0 0 0
0 0 0
0 0 0
0 0 0
0 0 0
0 0 0
0 0 0
0 0 0
0 0 0
0 0 0
0 0 0
0 0 0
0 0 0
0 0 0
0 0 0
0 0 0
0 0 0
0 0 0
0 0 0
0 0 0
0 0 0
0 0 0
0 0 0
0 0 0
0 0 0
0 0 0
0 0 0
0 0 0
0 0 0
0 0 0
0 0 0
0 0 0
0 0 0
0 0 0
0 0 0
0 0 0
0 0 0
0 0 0
0 0 0
0 0 0
0 0 0
0 0 0
0 0 0
0 0 0
0 0 0
0 0 0
0 0 0
0 0 0
0 0 0
0 0 0
0 0 0
0 0 0
0 0 0
0 0 0
0 0 0
0 0 0
0 0 0
0 0 0
0 0 0
0 0 0
0 0 0
0 0 0
0 0 0
0 0 0
0 0 0
0 0 0
0 0 0
0 0 0
0 0 0
0 0 0
0 0 0
0 0 0
0 0 0
0 0 0
0 0 0
0 0 0
0 0 0
0 0 0
0 0 0
0 0 0
0 0 0
0 0 0
0 0 0
0 0 0
0 0 0
0 0 0
-314.237 0.370278 2542.44
-76.6366 -0.383231 538.846
-200.858 -0.515806 362.329
-62.2603 -0.23465 127.606
0 0 0
0 0 0
0 0 0
0 0 0
0 0 0
0 0 0
0 0 0
0 0 0
0 0 0
0 0 0
-140.172 -0.191936 100.574
0 0 0
0 0 0
0 0 0
0 0 0
0 0 0
0 0 0
-55.2608 -0.115284 40.3872
0 0 0
-39.4933 -0.0380945 29.0964
0 0 0
-47.8912 -0.0100054 35.5664
-24.3434 -0.0168208 18.154
0 0 0
-77.721 -0.00377416 58.6305
-34.1662 -0.0137527 25.9252
-5.38911 -0.0659227 95.3798
0 0 0
-281.727 -0.0626033 289.558
-71.9176 -0.116656 55.4922
0 0 36.1961
-15.4445 -0.0719549 47.602
-42.6343 -0.0256028 57.5835
-54.6524 -0.0131918 55.6334
-56.2573 -0.0108514 44.0433
0 0 0
-43.8303 0.0652719 118.091
-28.0538 0.0176678 55.5325
-10.7359 0.0114892 44.7293
0 0 0
0.994091 0.0131096 15.7179
0 0 0
0 0 0
0 0 0
0 0 0
0 0 0
0 0 0
0 0 0
0 0 0
0 0 0
0 0 0
0 0 0
0 0 0
0 0 0
0 0 0
0 0 0
0 0 0
0 0 0
174.224 0.295476 279.036
128.715 0.146593 154.344
111.117 0.115906 115.582
0 0 0
70.7787 0.150978 59.8468
17.6055 0.1131 0
0 0 0
0 0 0
0 0 0
0 0 0
0 0 0
0 0 0
0 0 0
0 0 0
0 0 0
0 0 0
0 0 0
0 0 0
0 0 0
0 0 0
0 0 0
0 0 0
0 0 0
0 0 0
0 0 0
0 0 0
0 0 0
0 0 0
0 0 0
0 0 0
0 0 0
0 0 0
0 0 0
0 0 0
0 0 0
0 0 0
0 0 0
0 0 0
0 0 0
0 0 0
0 0 0
0 0 0
0 0 0
0 0 0
0 0 0
0 0 0
0 0 0
0 0 0
0 0 0
0 0 0
0 0 0
0 0 0
0 0 0
0 0 0
0 0 0
0 0 0
0 0 0
0 0 0
0 0 0
0 0 0
0 0 0
0 0 0
0 0 0
0 0 0
0 0 0
0 0 0
0 0 0
0 0 0
0 0 0
0 0 0
0 0 0
0 0 0
0 0 0
0 0 0
0 0 0
0 0 0
0 0 0
0 0 0
0 0 0
0 0 0
0 0 0
0 0 0
0 0 0
0 0 0
0 0 0
0 0 0
0 0 0
0 0 0
0 0 0
0 0 0
0 0 0
0 0 0
0 0 0
0 0 0
0 0 0
0 0 0
0 0 0
-309.059 0.375449 2867.64
-69.3348 -0.512529 444.648
-89 -0.602167 285.159
0 0 53.9571
0 0 0
0 0 0
0 0 0
0 0 0
0 0 0
0 0 0
0 0 0
0 0 0
0 0 0
0 0 0
0 0 0
0 0 0
0 0 0
0 0 0
0 0 0
0 0 0
0 0 0
0 0 0
0 0 0
0 0 0
-224.229 -0.208348 166.857
-32.1802 -0.120722 24.0496
-20.1892 -0.0576876 15.1438
0 0 0
-59.6724 -0.0222693 45.2076
-37.8315 -0.0571158 28.7987
-5.01675 -0.164028 84.3589
0 0 0
-229.662 -0.146455 245.281
-67.4555 -0.148287 52.3433
0 0 24.4605
-4.20733 -0.0551221 32.4682
-30.518 0.00714637 45.2456
-46.2587 0.0213822 52.3956
0 0 0
-45.7445 0.0612535 118.697
-26.3 0.00768685 48.093
-17.664 0.00313316 35.0329
0 0 0
10.1937 0.0391754 46.5748
0 0 0
0 0 0
0 0 0
0 0 0
0 0 0
0 0 0
0 0 0
0 0 0
0 0 0
0 0 0
0 0 0
0 0 0
0 0 0
0 0 0
0 0 0
0 0 0
0 0 0
185.363 0.357085 331.418
139.62 0.195425 150.06
82.0447 0.15704 78.1799
0 0 0
10.3696 0.16672 0
0 0 0
0 0 0
0 0 0
0 0 0
0 0 0
0 0 0
0 0 0
0 0 0
0 0 0
0 0 0
0 0 0
0 0 0
0 0 0
0 0 0
0 0 0
0 0 0
0 0 0
0 0 0
0 0 0
0 0 0
0 0 0
0 0 0
0 0 0
0 0 0
0 0 0
0 0 0
0 0 0
0 0 0
0 0 0
0 0 0
0 0 0
0 0 0
0 0 0
0 0 0
0 0 0
0 0 0
0 0 0
0 0 0
0 0 0
0 0 0
0 0 0
0 0 0
0 0 0
0 0 0
0 0 0
0 0 0
0 0 0
0 0 0
0 0 0
0 0 0
0 0 0
0 0 0
0 0 0
0 0 0
0 0 0
0 0 0
0 0 0
0 0 0
0 0 0
0 0 0
0 0 0
0 0 0
0 0 0
0 0 0
0 0 0
0 0 0
0 0 0
0 0 0
0 0 0
0 0 0
0 0 0
0 0 0
0 0 0
0 0 0
0 0 0
0 0 0
0 0 0
0 0 0
0 0 0
0 0 0
0 0 0
0 0 0
0 0 0
0 0 0
0 0 0
0 0 0
0 0 0
0 0 0
0 0 0
0 0 0
-197.997 0.599813 3374.84
30.5063 -0.529332 340.309
0 0 198.923
0 0 0
0 0 0
0 0 0
0 0 0
0 0 0
0 0 0
0 0 0
0 0 0
0 0 0
0 0 0
0 0 0
0 0 0
0 0 0
0 0 0
0 0 0
0 0 0
0 0 0
0 0 0
0 0 0
0 0 0
0 0 0
0 0 0
0 0 0
0 0 0
0 0 0
0 0 0
0 0 0
-262.946 -0.00786881 307.869
-93.3468 0.0490827 71.5797
-37.9182 0.0559287 29.2841
0 0 29.5776
0 0 55.1344
-14.3635 -0.424402 59.9655
-20.1887 -0.324686 50.6994
-49.3721 -0.229551 38.4542
0 0 0
-62.6635 -0.119148 56.7028
-33.2269 -0.044319 33.1237
-37.5417 0.00390317 36.3513
0 0 0
-7.00676 0.0886308 88.7059
9.08885 0.0703026 28.8603
8.08087 0.0753941 9.08605
0 0 0
0 0 0
0 0 0
0 0 0
0 0 0
0 0 0
0 0 0
0 0 0
0 0 0
0 0 0
0 0 0
0 0 0
0 0 0
0 0 0
164.959 0.348468 208.401
128.144 0.264028 139.55
0 0 0
142.755 0.32369 153.279
41.7632 0.209389 32.6122
27.6052 0.189621 14.9046
0 0 0
28.7667 0.21233 15.9102
0 0 0
0 0 0
0 0 0
0 0 0
0 0 0
0 0 0
0 0 0
0 0 0
0 0 0
0 0 0
0 0 0
0 0 0
0 0 0
0 0 0
0 0 0
0 0 0
0 0 0
0 0 0
0 0 0
0 0 0
0 0 0
0 0 0
0 0 0
0 0 0
0 0 0
0 0 0
0 0 0
0 0 0
0 0 0
0 0 0
0 0 0
0 0 0
0 0 0
0 0 0
0 0 0
0 0 0
0 0 0
0 0 0
0 0 0
0 0 0
0 0 0
0 0 0
0 0 0
0 0 0
0 0 0
0 0 0
0 0 0
0 0 0
0 0 0
0 0 0
0 0 0
0 0 0
0 0 0
0 0 0
0 0 0
0 0 0
0 0 0
0 0 0
0 0 0
0 0 0
0 0 0
0 0 0
0 0 0
0 0 0
0 0 0
0 0 0
0 0 0
0 0 0
0 0 0
0 0 0
0 0 0
0 0 0
0 0 0
0 0 0
0 0 0
0 0 0
0 0 0
0 0 0
0 0 0
0 0 0
0 0 0
0 0 0
0 0 0
0 0 0
0 0 0
0 0 0
0 0 0
0 0 0
-371.043 -0.157521 1933.94
-131.458 -0.344101 695.261
-262.923 -0.636661 508.013
0 0 0
-444.583 -0.632289 379.974
0 0 0
0 0 0
0 0 0
0 0 0
0 0 0
0 0 0
0 0 0
0 0 0
0 0 0
0 0 0
0 0 0
0 0 0
0 0 0
0 0 0
0 0 0
0 0 0
0 0 0
0 0 0
0 0 0
0 0 0
0 0 0
0 0 0
0 0 0
0 0 0
-401.498 -0.0685466 421.362
-62.7435 -0.220124 116.851
-50.9695 -0.172034 38.8513
0 0 25.1895
0 0 0
-95.2044 -0.483847 81.5319
-45.8213 -0.333617 35.2352
-35.8525 -0.27114 46.3754
-49.177 -0.15983 55.0387
-45.2867 -0.0688083 50.9348
0 0 0
-17.2676 0.173673 156.671
-13.9969 0.105821 84.9242
4.04883 0.0483612 63.96
0 0 0
5.10022 0.0509692 51.3306
4.69821 0.0235545 10.5448
0.388429 0.0183939 1.52815
0 0 0
20.7238 0.0344501 20.846
0 0 0
0 0 0
0 0 0
0 0 0
0 0 0
0 0 0
0 0 0
0 0 0
0 0 0
0 0 0
0 0 0
0 0 0
154.065 0.379938 202.833
118.007 0.274316 141.491
97.3453 0.235716 102.379
0 0 0
78.7634 0.277288 75.176
30.1048 0.224245 15.9241
29.8411 0.227685 14.7131
0 0 0
45.0341 0.255989 33.4763
0 0 0
0 0 0
0 0 0
0 0 0
0 0 0
0 0 0
0 0 0
0 0 0
0 0 0
0 0 0
0 0 0
0 0 0
0 0 0
0 0 0
0 0 0
0 0 0
0 0 0
0 0 0
0 0 0
0 0 0
0 0 0
0 0 0
0 0 0
0 0 0
0 0 0
0 0 0
0 0 0
0 0 0
0 0 0
0 0 0
0 0 0
0 0 0
0 0 0
0 0 0
0 0 0
0 0 0
0 0 0
0 0 0
0 0 0
0 0 0
0 0 0
0 0 0
0 0 0
0 0 0
0 0 0
0 0 0
0 0 0
0 0 0
0 0 0
0 0 0
0 0 0
0 0 0
0 0 0
0 0 0
0 0 0
0 0 0
0 0 0
0 0 0
0 0 0
0 0 0
0 0 0
0 0 0
0 0 0
0 0 0
0 0 0
0 0 0
0 0 0
0 0 0
0 0 0
0 0 0
0 0 0
0 0 0
0 0 0
0 0 0
0 0 0
0 0 0
0 0 0
0 0 0
0 0 0
0 0 0
0 0 0
0 0 0
0 0 0
0 0 0
0 0 0
0 0 0
0 0 0
0 0 0
0 0 0
-285.891 0.169768 2838.33
-49.3193 -0.507405 463.784
-117.315 -0.761169 301.272
-5.42339 -0.560073 71.7666
0 0 0
0 0 0
0 0 0
0 0 0
0 0 0
0 0 0
0 0 0
0 0 0
0 0 0
0 0 0
0 0 0
0 0 0
0 0 0
0 0 0
0 0 0
0 0 0
-153.633 -0.362651 112.302
-12.3457 -0.109595 9.08438
0 0 0
-20.9905 -0.0950418 15.27
0 0 0
-49.9966 -0.208928 36.7277
-27.7459 -0.255253 20.4272
0 0 0
-84.107 -0.182319 63.3693
-35.4504 -0.0956703 26.9431
-38.4469 0.00782988 29.4911
0 0 0
-125.361 -0.00738435 169.65
-42.0827 -0.0743872 99.9347
-46.5516 -0.122597 90.1267
-64.6174 -0.0954404 50.3103
-16.1518 -0.0733042 41.1946
-46.4247 -0.0430271 42.287
0 0 0
-40.2162 0.0949375 115.277
-18.0989 0.0881358 53.6479
-13.3675 0.0867731 46.854
0 0 0
4.44866 0.111092 75.0813
3.31822 0.0417215 7.06381
0 0 0
0 0 0
0 0 0
0 0 0
0 0 0
0 0 0
0 0 0
0 0 0
0 0 0
0 0 0
0 0 0
0 0 0
0 0 0
0 0 0
0 0 0
0 0 0
0 0 0
186.14 0.550717 337.522
140.534 0.398619 151.43
82.0972 0.355502 78.557
0 0 0
9.43456 0.327881 0
0 0 0
0 0 0
0 0 0
0 0 0
0 0 0
0 0 0
0 0 0
0 0 0
0 0 0
0 0 0
0 0 0
0 0 0
0 0 0
0 0 0
0 0 0
0 0 0
0 0 0
0 0 0
0 0 0
0 0 0
0 0 0
0 0 0
0 0 0
0 0 0
0 0 0
0 0 0
0 0 0
0 0 0
0 0 0
0 0 0
0 0 0
0 0 0
0 0 0
0 0 0
0 0 0
0 0 0
0 0 0
0 0 0
0 0 0
0 0 0
0 0 0
0 0 0
0 0 0
0 0 0
0 0 0
0 0 0
0 0 0
0 0 0
0 0 0
0 0 0
0 0 0
0 0 0
0 0 0
0 0 0
0 0 0
0 0 0
0 0 0
0 0 0
0 0 0
0 0 0
0 0 0
0 0 0
0 0 0
0 0 0
0 0 0
0 0 0
0 0 0
0 0 0
0 0 0
0 0 0
0 0 0
0 0 0
0 0 0
0 0 0
0 0 0
0 0 0
0 0 0
0 0 0
0 0 0
0 0 0
0 0 0
0 0 0
0 0 0
0 0 0
0 0 0
0 0 0
0 0 0
0 0 0
0 0 0
0 0 0
-221.795 0.255377 3209.16
8.73381 -0.498864 378.934
-30.9376 -0.846045 232.797
0 0 0
0 0 0
0 0 0
0 0 0
0 0 0
0 0 0
0 0 0
0 0 0
0 0 0
0 0 0
0 0 0
0 0 0
0 0 0
0 0 0
0 0 0
0 0 0
0 0 0
0 0 0
0 0 0
0 0 0
0 0 0
0 0 0
-199.231 -0.305409 149.212
-50.705 0.0961005 38.2346
0 0 0
-70.2856 -0.00541345 52.8441
-25.0187 -0.208313 18.4676
-32.812 -0.342145 24.4135
0 0 0
-44.1785 -0.689638 108.29
-27.6796 -0.626743 86.0403
-31.8283 -0.41286 80.8185
-29.5058 -0.190756 65.396
-53.7507 -0.0321341 41.9926
-18.8267 0.133422 35.3466
0 0 0
-72.9968 0.37871 110.593
-43.7602 0.319107 45.7643
-22.5623 0.274596 38.0916
0 0 0
0.691129 0.265372 58.3746
9.40271 0.153015 15.1515
0 0 0
0 0 0
0 0 0
0 0 0
0 0 0
0 0 0
0 0 0
0 0 0
0 0 0
0 0 0
0 0 0
0 0 0
0 0 0
0 0 0
0 0 0
0 0 0
0 0 0
0 0 0
192.954 0.654945 319.738
150.995 0.471569 163.599
95.3187 0.406256 92.819
0 0 0
16.6652 0.365337 0
0 0 0
0 0 0
0 0 0
0 0 0
0 0 0
0 0 0
0 0 0
0 0 0
0 0 0
0 0 0
0 0 0
0 0 0
0 0 0
0 0 0
0 0 0
0 0 0
0 0 0
0 0 0
0 0 0
0 0 0
0 0 0
0 0 0
0 0 0
0 0 0
0 0 0
0 0 0
0 0 0
0 0 0
0 0 0
0 0 0
0 0 0
0 0 0
0 0 0
0 0 0
0 0 0
0 0 0
0 0 0
0 0 0
0 0 0
0 0 0
0 0 0
0 0 0
0 0 0
0 0 0
0 0 0
0 0 0
0 0 0
0 0 0
0 0 0
0 0 0
0 0 0
0 0 0
0 0 0
0 0 0
0 0 0
0 0 0
0 0 0
0 0 0
0 0 0
0 0 0
0 0 0
0 0 0
0 0 0
0 0 0
0 0 0
0 0 0
0 0 0
0 0 0
0 0 0
0 0 0
0 0 0
0 0 0
0 0 0
0 0 0
0 0 0
0 0 0
0 0 0
0 0 0
0 0 0
0 0 0
0 0 0
0 0 0
0 0 0
0 0 0
0 0 0
0 0 0
0 0 0
0 0 0
0 0 0
0 0 0
0 0 0
-262.546 0.0207537 3215.47
-25.8888 -0.618763 360.974
0 0 215.855
0 0 0
0 0 0
0 0 0
0 0 0
0 0 0
0 0 0
0 0 0
0 0 0
0 0 0
0 0 0
0 0 0
0 0 0
0 0 0
0 0 0
0 0 0
0 0 0
0 0 0
0 0 0
0 0 0
0 0 0
0 0 0
0 0 0
0 0 0
0 0 0
0 0 0
0 0 0
0 0 0
-192.983 0.67559 328.372
-85.7676 0.927782 140.677
-53.9022 0.110838 110.234
-21.5985 -0.638715 74.5903
-44.3919 -0.643397 34.1243
0 0 5.81872
0 0 0
-38.3457 -0.938224 37.6992
-27.6409 -0.620594 27.1144
-41.3692 -0.503075 32.1418
0 0 0
-21.4587 -0.032716 68.4376
-4.13467 0.108139 23.7001
6.35204 0.19159 10.9651
0 0 0
19.431 0.275851 18.8759
0 0 0
0 0 0
0 0 0
0 0 0
0 0 0
0 0 0
0 0 0
0 0 0
0 0 0
0 0 0
0 0 0
0 0 0
0 0 0
0 0 0
171.339 0.693063 239.187
150.591 0.579236 163.707
105.57 0.532798 106.595
0 0 0
54.5015 0.530356 41.6512
15.297 0.371801 0
0 0 0
0 0 0
0 0 0
0 0 0
0 0 0
0 0 0
0 0 0
0 0 0
0 0 0
0 0 0
0 0 0
0 0 0
0 0 0
0 0 0
0 0 0
0 0 0
0 0 0
0 0 0
0 0 0
0 0 0
0 0 0
0 0 0
0 0 0
0 0 0
0 0 0
0 0 0
0 0 0
0 0 0
0 0 0
0 0 0
0 0 0
0 0 0
0 0 0
0 0 0
0 0 0
0 0 0
0 0 0
0 0 0
0 0 0
0 0 0
0 0 0
0 0 0
0 0 0
0 0 0
0 0 0
0 0 0
0 0 0
0 0 0
0 0 0
0 0 0
0 0 0
0 0 0
0 0 0
0 0 0
0 0 0
0 0 0
0 0 0
0 0 0
0 0 0
0 0 0
0 0 0
0 0 0
0 0 0
0 0 0
0 0 0
0 0 0
0 0 0
0 0 0
0 0 0
0 0 0
0 0 0
0 0 0
0 0 0
0 0 0
0 0 0
0 0 0
0 0 0
0 0 0
0 0 0
0 0 0
0 0 0
0 0 0
0 0 0
0 0 0
0 0 0
0 0 0
0 0 0
0 0 0
0 0 0
-307.61 -0.411652 2495.14
-71.5123 -0.537923 552.857
-219.586 -1.11982 374.01
-73.7423 -1.06831 139.447
0 0 0
0 0 0
0 0 0
0 0 0
0 0 0
0 0 0
0 0 0
0 0 0
-109.446 -0.784579 79.3639
-13.0519 -0.352324 9.36293
0 0 0
-18.2782 -0.340373 12.7319
0 0 0
0 0 0
-25.0155 0.0956869 20.6951
0 0 0
-23.7814 0.54292 19.9033
0 0 0
-30.6417 1.00473 25.9099
0 0 0
-40.0497 1.4155 34.1727
0 0 0
-51.1945 1.79381 44.0641
-32.7496 0.589564 22.3077
0 0 0
-66.0719 2.16348 57.6078
-15.0736 -0.189946 100.828
0 0 0
-237.555 0.110261 194.015
0 0 66.0719
-34.8361 5.61645 80.2878
-47.0685 1.83029 80.8402
-58.2587 0.603023 65.5489
-55.1535 0.172944 43.3298
-38.6389 -0.0670356 35.9668
0 0 0
-24.6708 -0.37078 109.683
-5.99089 -0.43629 53.554
-6.00908 -0.368195 43.3057
0 0 0
3.12069 -0.198755 58.9176
0 0 0
0 0 0
0 0 0
0 0 0
0 0 0
0 0 0
0 0 0
0 0 0
0 0 0
0 0 0
0 0 0
0 0 0
0 0 0
0 0 0
0 0 0
0 0 0
0 0 0
0 0 0
205.495 1.31416 389.296
120.983 1.09259 129.826
61.4748 0.962356 56.981
12.1827 0.716724 0
0 0 0
0 0 0
0 0 0
0 0 0
0 0 0
0 0 0
0 0 0
0 0 0
0 0 0
0 0 0
0 0 0
0 0 0
0 0 0
0 0 0
0 0 0
0 0 0
0 0 0
0 0 0
0 0 0
0 0 0
0 0 0
0 0 0
0 0 0
0 0 0
0 0 0
0 0 0
0 0 0
0 0 0
0 0 0
0 0 0
0 0 0
0 0 0
0 0 0
0 0 0
0 0 0
0 0 0
0 0 0
0 0 0
0 0 0
0 0 0
0 0 0
0 0 0
0 0 0
0 0 0
0 0 0
0 0 0
0 0 0
0 0 0
0 0 0
0 0 0
0 0 0
0 0 0
0 0 0
0 0 0
0 0 0
0 0 0
0 0 0
0 0 0
0 0 0
0 0 0
0 0 0
0 0 0
0 0 0
0 0 0
0 0 0
0 0 0
0 0 0
0 0 0
0 0 0
0 0 0
0 0 0
0 0 0
0 0 0
0 0 0
0 0 0
0 0 0
0 0 0
0 0 0
0 0 0
0 0 0
0 0 0
0 0 0
0 0 0
0 0 0
0 0 0
0 0 0
0 0 0
0 0 0
0 0 0
0 0 0
0 0 0
-209.119 -0.178495 3284.99
20.3232 -0.410584 362.319
-13.5107 -1.25006 219.031
0 0 0
0 0 0
0 0 0
0 0 0
0 0 0
0 0 0
0 0 0
0 0 0
0 0 0
0 0 0
0 0 0
0 0 0
0 0 0
0 0 0
0 0 0
0 0 0
0 0 0
0 0 0
0 0 0
0 0 0
0 0 0
0 0 0
0 0 0
0 0 0
-232.665 -0.379487 177.644
-74.5783 0.448195 57.3407
-50.5207 3.45737 44.4892
0 0 0
-54.3293 -0.645655 42.191
0 0 62.9382
-41.2391 -2.28488 96.38
-54.8477 3.5527 117.312
0 0 0
-54.0915 0.754424 84.1409
-1.84462 1.84462 22.1632
-20.7567 2.64305 31.9402
-32.9295 1.87425 37.2022
0 0 0
-43.9334 0.970581 99.7294
-24.9679 0.43329 42.0464
-14.7374 0.205241 30.2474
0 0 0
14.0961 0.0880571 43.6181
0 0 0
0 0 0
0 0 0
0 0 0
0 0 0
0 0 0
0 0 0
0 0 0
0 0 0
0 0 0
0 0 0
0 0 0
0 0 0
0 0 0
0 0 0
0 0 0
204.101 1.28034 328.573
122.766 1.15137 132.109
71.0966 1.03429 69.0473
0 0 0
16.7817 0.896134 2.91357
15.464 0.727369 0.806586
0 0 0
0 0 0
0 0 0
0 0 0
0 0 0
0 0 0
0 0 0
0 0 0
0 0 0
0 0 0
0 0 0
0 0 0
0 0 0
0 0 0
0 0 0
0 0 0
0 0 0
0 0 0
0 0 0
0 0 0
0 0 0
0 0 0
0 0 0
0 0 0
0 0 0
0 0 0
0 0 0
0 0 0
0 0 0
0 0 0
0 0 0
0 0 0
0 0 0
0 0 0
0 0 0
0 0 0
0 0 0
0 0 0
0 0 0
0 0 0
0 0 0
0 0 0
0 0 0
0 0 0
0 0 0
0 0 0
0 0 0
0 0 0
0 0 0
0 0 0
0 0 0
0 0 0
0 0 0
0 0 0
0 0 0
0 0 0
0 0 0
0 0 0
0 0 0
0 0 0
0 0 0
0 0 0
0 0 0
0 0 0
0 0 0
0 0 0
0 0 0
0 0 0
0 0 0
0 0 0
0 0 0
0 0 0
0 0 0
0 0 0
0 0 0
0 0 0
0 0 0
0 0 0
0 0 0
0 0 0
0 0 0
0 0 0
0 0 0
0 0 0
0 0 0
0 0 0
0 0 0
0 0 0
0 0 0
-198.298 -0.30152 3291.61
29.6946 -0.358076 364.798
-19.4197 -1.34664 221.38
0 0 0
0 0 0
0 0 0
0 0 0
0 0 0
0 0 0
0 0 0
0 0 0
0 0 0
0 0 0
0 0 0
0 0 0
0 0 0
0 0 0
0 0 0
0 0 0
0 0 0
0 0 0
0 0 0
0 0 0
0 0 0
0 0 0
0 0 0
-230.741 -0.784702 174.855
-53.6328 0.222783 41.078
-31.2719 0.26058 23.8952
0 0 0
-61.7833 -0.414138 45.4906
-32.4773 -0.920972 23.2726
0 0 74.3958
0 0 0
-201.302 -1.55106 217.357
-60.6878 -0.910525 46.8025
0 0 15.9002
0 0 21.7783
-22.0256 0.097118 34.2141
0 0 0
-67.1058 0.291483 101.986
-42.4868 0.257633 42.4588
-34.9023 0.191775 36.9555
0 0 0
-1.3088 0.225338 74.7265
12.454 0.161065 16.6124
0 0 0
0 0 0
0 0 0
0 0 0
0 0 0
0 0 0
0 0 0
0 0 0
0 0 0
0 0 0
0 0 0
0 0 0
0 0 0
0 0 0
0 0 0
0 0 0
0 0 0
188.758 1.159 340.031
135.733 1.04706 145.712
78.597 0.963588 74.3129
0 0 0
7.52694 0.792148 0
0 0 0
0 0 0
0 0 0
0 0 0
0 0 0
0 0 0
0 0 0
0 0 0
0 0 0
0 0 0
0 0 0
0 0 0
0 0 0
0 0 0
0 0 0
0 0 0
0 0 0
0 0 0
0 0 0
0 0 0
0 0 0
0 0 0
0 0 0
0 0 0
0 0 0
0 0 0
0 0 0
0 0 0
0 0 0
0 0 0
0 0 0
0 0 0
0 0 0
0 0 0
0 0 0
0 0 0
0 0 0
0 0 0
0 0 0
0 0 0
0 0 0
0 0 0
0 0 0
0 0 0
0 0 0
0 0 0
0 0 0
0 0 0
0 0 0
0 0 0
0 0 0
0 0 0
0 0 0
0 0 0
0 0 0
0 0 0
0 0 0
0 0 0
0 0 0
0 0 0
0 0 0
0 0 0
0 0 0
0 0 0
0 0 0
0 0 0
0 0 0
0 0 0
0 0 0
0 0 0
0 0 0
0 0 0
0 0 0
0 0 0
0 0 0
0 0 0
0 0 0
0 0 0
0 0 0
0 0 0
0 0 0
0 0 0
0 0 0
0 0 0
0 0 0
0 0 0
0 0 0
0 0 0
0 0 0
-382.6 -1.98317 1967.45
-141.462 -0.973159 682.648
-276.842 -1.95697 491.52
0 0 0
-420.464 -3.06608 356.416
0 0 0
0 0 0
0 0 0
0 0 0
0 0 0
0 0 0
0 0 0
0 0 0
0 0 0
0 0 0
0 0 0
0 0 0
0 0 0
0 0 0
0 0 0
0 0 0
0 0 0
0 0 0
0 0 0
0 0 0
0 0 0
0 0 0
0 0 0
0 0 0
-382.974 0.898757 421.122
-74.8698 0.090881 128.562
-60.3735 -0.130261 46.4897
0 0 32.5814
0 0 0
-107.255 -3.01518 92.2961
-44.1662 -2.10739 32.7031
-31.2692 -1.76547 42.3406
-46.1453 -1.12356 50.6561
-39.3281 -9.75277 62.6548
0 0 0
-3.66478 7.48074 127.95
-2.53594 2.83009 69.2643
3.28178 -11.1603 71.9047
0 0 0
6.0447 14.7508 57.6679
0 0 0
0 0 0
0 0 0
0 0 0
0 0 0
0 0 0
0 0 0
0 0 0
0 0 0
0 0 0
0 0 0
0 0 0
0 0 0
0 0 0
0 0 0
166.383 2.23599 248.228
107.27 1.70515 117.364
69.4772 1.75944 70.7113
0 0 0
48.5888 2.0975 43.9535
32.1737 1.85293 23.4181
0 0 0
70.7912 2.12434 67.4464
47.0067 1.76829 38.7659
0 0 0
0 0 0
0 0 0
0 0 0
0 0 0
0 0 0
0 0 0
0 0 0
0 0 0
0 0 0
0 0 0
0 0 0
0 0 0
0 0 0
0 0 0
0 0 0
0 0 0
0 0 0
0 0 0
0 0 0
0 0 0
0 0 0
0 0 0
0 0 0
0 0 0
0 0 0
0 0 0
0 0 0
0 0 0
0 0 0
0 0 0
0 0 0
0 0 0
0 0 0
0 0 0
0 0 0
0 0 0
0 0 0
0 0 0
0 0 0
0 0 0
0 0 0
0 0 0
0 0 0
0 0 0
0 0 0
0 0 0
0 0 0
0 0 0
0 0 0
0 0 0
0 0 0
0 0 0
0 0 0
0 0 0
0 0 0
0 0 0
0 0 0
0 0 0
0 0 0
0 0 0
0 0 0
0 0 0
0 0 0
0 0 0
0 0 0
0 0 0
0 0 0
0 0 0
0 0 0
0 0 0
0 0 0
0 0 0
0 0 0
0 0 0
0 0 0
0 0 0
0 0 0
0 0 0
0 0 0
0 0 0
0 0 0
0 0 0
0 0 0
0 0 0
0 0 0
0 0 0
0 0 0
-310.644 -2.22368 2401.03
-74.9588 -0.950621 578.445
-249.059 -2.5637 394.693
-93.1873 -3.05086 159.105
0 0 0
0 0 0
0 0 0
0 0 0
0 0 0
0 0 0
-100.346 0.869012 82.0647
0 0 0
-27.6147 -1.77153 19.8743
0 0 0
0 0 0
0 0 0
-25.0409 -1.89195 16.6374
0 0 0
-23.8826 -1.14261 17.4022
0 0 0
-28.3127 -0.307159 21.4369
0 0 0
-33.8845 0.0707573 25.5477
0 0 0
-41.9505 0.0633351 31.3269
0 0 0
-53.1703 -0.0320216 39.7849
-24.8861 -0.0322075 18.7461
0 0 0
-77.8788 0.0940087 59.4999
-0.763274 -0.28091 96.477
0 0 0
-290.28 -2.07721 293.345
-66.3183 -1.32616 50.9183
0 0 40.5346
-24.6835 -1.00694 46.9667
-42.7015 -0.698882 52.0245
-51.2145 -0.406535 50.6183
-54.7874 0.0443936 43.3421
0 0 0
-44.3636 1.06587 133.552
-28.7971 0.833949 67.7681
-10.0079 0.567228 53.0855
0 0 0
-2.30329 0.407689 32.772
0 0 0
0 0 0
0 0 0
0 0 0
0 0 0
0 0 0
0 0 0
0 0 0
0 0 0
0 0 0
0 0 0
0 0 0
0 0 0
0 0 0
0 0 0
0 0 0
0 0 0
0 0 0
179.848 2.39586 292.422
135.747 2.17496 148.127
87.8565 2.04538 87.8052
0 0 0
36.4921 1.93453 21.7322
16.9224 1.5067 0
0 0 0
0 0 0
0 0 0
0 0 0
0 0 0
