0 0 0
0 0 0
0 0 0
0 0 0
0 0 0
0 0 0
0 0 0
0 0 0
0 0 0
0 0 0
0 0 0
0 0 0
0 0 0
0 0 0
0 0 0
0 0 0
0 0 0
0 0 0
0 0 0
0 0 0
0 0 0
0 0 0
0 0 0
0 0 0
-343.655 0.593493 1522.89
-357.052 0.188225 1363.57
-450.396 0.0722081 1295.06
-504.285 -0.0603579 972.118
0 0 0
-448.557 0.00875252 608.158
-1.21026 -0.234444 1.34671
0 0 0
0 0 0
0 0 0
0 0 0
0 0 0
0 0 0
0 0 0
0 0 0
0 0 0
0 0 0
0 0 0
0 0 0
0 0 0
0 0 0
0 0 0
0 0 0
0 0 0
0 0 0
0 0 0
0 0 0
0 0 0
0 0 0
0 0 0
0 0 0
53.1464 -0.176107 554.559
-0.413664 -0.484411 308.962
-25.8657 -0.465256 224.777
-32.3067 -0.342412 114.929
0 0 0
124.199 0.0531265 453.27
106.461 0.0132147 182.517
88.9343 0.0506063 108.378
55.1574 0.0725166 39.7201
15.1381 0.0756426 11.8277
25.6485 0.0765264 18.0066
0 0 0
49.8121 0.171579 133.412
38.9899 0.100932 92.6324
76.2813 0.125766 150.077
92.0795 0.106724 154.899
0 0 0
96.7909 0.129483 274.248
101.618 0.00281945 127.546
123.549 -0.0218575 116.238
103.232 -0.024727 98.5551
0 0 0
152.285 0.0041094 192.429
115.135 -0.0363559 110.488
124.273 -0.0332307 117.663
0 0 0
202.972 0.0258525 235.529
135.461 -0.0181354 132.362
145.287 -0.0162632 140.272
0 0 0
243.682 0.0169714 210.512
139.092 0.0240386 152.346
173.357 -0.00647874 161.046
0 0 0
263.365 0.0383709 232.961
71.3588 -0.0389805 56.4701
95.8005 0.0262257 122.288
0 0 0
228.594 0.0303675 201.387
65.0689 -0.0393386 51.9487
0 0 0
208.873 0.0448283 180.947
76.1902 -0.0228931 75.0109
0 0 0
96.8286 0.0187122 98.313
50.851 -0.0126588 48.5689
0 0 0
73.2019 0.0159001 73.6146
0 0 0
90.315 0.0125361 75.5782
40.4002 0.00302708 49.2097
0 0 0
95.4474 0.020734 81.5028
37.4198 -0.000973858 42.931
0 0 0
85.9224 0.0221738 74.955
39.7676 3.14964e-005 42.99
0 0 0
93.8322 0.0351298 86.1973
55.5279 -0.00318019 49.8194
0 0 0
123.678 0.0470481 111.054
71.7467 -0.00426964 65.6508
0 0 0
149.107 0.0614258 135.604
86.6266 -0.00248505 80.6735
0 0 0
169.12 0.0658674 155.878
99.2335 -0.00495838 93.8275
0 0 0
185.255 0.0671262 172.825
104.978 -0.00438955 101.73
111.194 -0.0230386 106.878
0 0 0
163.414 0.0459307 178.96
118.132 -0.00246226 114.413
122.876 -0.02497 119.217
0 0 0
80.3061 0.00603182 219.422
60.4039 -0.0182994 159.595
48.0104 -0.0337368 179.48
0 0 0
18.5787 0.0112518 317.749
-6.31876 -0.0286572 224.119
-21.7194 -0.0380171 243.154
-32.5655 -0.0386248 236.318
-39.5024 -0.0357101 223.483
0 0 0
-42.4999 0.0128606 352.522
-46.4958 -0.0316642 238.373
-50.9932 -0.0329212 257.459
-51.1295 -0.0264002 249.017
-48.3605 -0.0184576 235.268
0 0 0
-142.997 -0.0345313 453.476
-159.922 -0.0496621 342.893
-153.27 -0.0458982 192.891
-54.3766 -0.0411431 62.3148
0 0 0
0 0 0
0 0 0
0 0 0
0 0 0
-77.6583 0.00438458 140.623
-92.8239 -0.00842746 166.666
-116.964 0.00140787 182.16
-129.949 -0.00255093 178.699
-133.437 -0.00971579 163.998
-128.201 -0.0160235 146.424
0 0 0
-116.409 0.0418919 764.881
-121.102 0.0210547 872.121
-128.58 0.00161697 869.404
-136.917 -0.0145654 784.525
-144.609 -0.0269059 651.268
0 0 0
-152.674 0.0624372 725.569
-166.386 -0.0637652 361.554
-185.043 -0.0608437 344.492
-189.314 -0.046418 291.457
0 0 0
-184.181 0.0227665 388.227
-181.731 -0.0519613 247.93
-190.386 -0.0402376 268.892
0 0 0
-185.29 0.0417737 398.644
-174.974 -0.0406115 236.284
-173.682 -0.0317188 229.62
0 0 0
-150.195 0.0290332 253.703
-105.964 -0.027099 113.994
0 0 0
-110.202 -0.00122273 120.265
-41.5173 -0.0125227 45.6249
0 0 0
-32.8766 -0.00450775 36.6578
0 0 0
-11.994 -0.00786936 13.5599
0 0 0
-18.5599 -0.00398979 21.2676
0 0 0
0.926011 0.00653635 47.4056
0 0 0
33.7828 0.0137219 70.3004
42.3609 -0.00393093 38.4882
0 0 0
71.6563 0.0184558 61.1482
36.1063 -0.000111597 29.1718
0 0 0
81.9442 0.0244582 65.6005
48.5397 0.00229515 38.6947
52.1574 0.00203049 41.4275
0 0 0
112.899 0.0318053 89.2012
61.7579 -0.00109019 48.6761
61.5892 -0.00193653 48.4506
60.4675 0.000789716 47.4995
63.2953 0.0018576 49.6572
68.1518 0.000932668 53.3962
0 0 0
62.6083 0.0403246 145.42
32.7679 -0.00448206 105.073
16.0821 -0.007669 114.22
2.44735 -0.00555297 113.056
-7.33771 -0.00449143 110.676
-12.9979 -0.00524529 109.289
-15.4158 -0.00680586 109.259
-15.8591 -0.00824284 110.171
-15.3975 -0.00920197 111.265
-14.6681 -0.00968362 111.813
-13.902 -0.00977307 111.382
-13.0811 -0.0095345 109.908
-12.1051 -0.00901167 107.609
-10.9023 -0.00824907 104.839
-9.46816 -0.00729934 101.944
-7.85313 -0.0062196 99.1721
-6.12998 -0.00506608 96.6468
-4.36325 -0.00389106 94.3808
-2.59256 -0.00274137 92.3159
-0.830493 -0.00165729 90.3664
0.928442 -0.000671519 88.4526
2.68889 0.000189793 86.519
4.5023 0.00093186 84.566
6.92795 0.001745 82.8399
10.1884 0.00248305 81.3302
13.8759 0.00289936 79.6642
17.5837 0.00307286 77.6226
21.0946 0.00315511 75.2653
24.3339 0.00322425 72.8071
27.288 0.00329796 70.481
29.9578 0.00338012 68.4647
32.3442 0.00347826 66.8582
34.4488 0.00360075 65.687
36.2783 0.00374844 64.9185
37.8487 0.00391521 64.4871
39.1862 0.00409189 64.3185
40.3241 0.0042692 64.3489
41.2989 0.00443918 64.5349
504.728 0.260919 484.618
0 0 0
871.027 0.559808 1069.91
331.01 -0.071052 293.951
98.8625 -0.182771 80.6455
0 0 0
0 0 0
0 0 0
0 0 0
0 0 0
0 0 0
0 0 0
0 0 0
0 0 0
0 0 0
0 0 0
0 0 0
0 0 0
0 0 0
0 0 0
0 0 0
0 0 0
0 0 0
0 0 0
0 0 0
0 0 0
0 0 0
0 0 0
0 0 0
0 0 0
394.24 0.324578 546.048
325.84 0.0789628 408.979
342.912 0.00638019 367.299
0 0 0
252.511 0.0684632 358.728
112.02 -0.0418752 107.583
68.4365 -0.0876317 67.5861
32.9431 -0.0972296 34.3691
0 0 0
75.7475 -0.00857004 72.6568
80.2766 0.00966221 76.3388
73.7933 0.0061364 108.248
0 0 0
35.9135 0.0301813 281.356
10.7565 -0.00339425 229.067
-6.08835 -0.0202329 260.911
-20.1517 -0.0293642 263.821
-30.5971 -0.0319054 254.546
-37.184 -0.0311685 240.039
-40.4135 -0.0293166 225.246
-41.1213 -0.0268257 213.865
-40.1998 -0.023547 207.965
0 0 0
-134.345 -0.0549393 451.808
-154.622 -0.0752286 355.867
-152.169 -0.0727587 215.746
-77.8564 -0.061563 89.2212
-2.69424 -0.0354837 3.07918
0 0 0
0 0 0
0 0 0
0 0 0
-87.2498 0.00896893 176.098
-110.25 -0.0124555 160.731
-129.834 -0.0201666 177.575
-139.496 -0.0303848 170.523
-139.906 -0.0383069 155.131
-119.791 -0.0372638 136.831
-104.975 -0.0284726 119.839
0 0 0
-130.328 -0.00101723 938.737
-142.804 -0.0326232 992.883
-152.354 -0.0558648 890.164
-158.726 -0.0718317 715.48
0 0 0
-161.432 0.0208042 718.048
-172.634 -0.108549 319.075
-189.772 -0.104715 294.029
-192.27 -0.0859875 244.353
0 0 0
-185.568 -0.0193266 345.141
-182.46 -0.0822415 240.26
-191.791 -0.0703796 272.066
0 0 0
-188.836 0.0169793 428.121
-180.309 -0.0695784 259.087
-180.341 -0.061426 250.081
0 0 0
-156.88 0.00724973 268.629
-106.108 -0.047503 114.353
0 0 0
-99.0899 -0.0195597 108.37
-29.4979 -0.025098 32.487
0 0 0
-11.6469 -0.0176066 13.0175
0 0 0
0 0 0
0 0 0
0 0 0
0 0 0
-24.971 -0.00425653 35.0987
0 0 0
10.854 0.00698437 82.172
24.9413 -0.008841 54.8749
0 0 0
59.3422 0.0288767 89.6155
48.6576 0.00676254 38.9932
0 0 0
81.9536 0.0399284 65.0409
41.8859 0.0184721 33.0991
46.4402 0.0204188 36.5582
0 0 0
109.451 0.0560616 85.6672
62.2673 0.0221955 48.6175
62.8354 0.0201428 48.9621
61.1846 0.0201674 47.6014
63.0389 0.0182935 48.977
0 0 0
88.2359 0.0503238 128.9
55.1783 0.00170272 85.3726
35.8098 -0.00522459 91.0224
17.6915 -0.00676406 91.1327
3.0394 -0.0086443 93.3652
-6.92659 -0.0112642 98.2608
0 0 0
-13.0447 0.035809 196.761
-21.2847 -0.0217075 132.311
-25.0551 -0.0249569 138.27
-24.7642 -0.0214108 127.623
-21.7885 -0.0185003 114.105
-17.4799 -0.017154 102.377
-12.932 -0.0163641 94.3376
-8.93653 -0.0152446 90.2551
-5.9283 -0.0135694 89.2863
-3.96936 -0.0114965 90.0748
-2.82524 -0.00924422 91.2947
-2.10842 -0.00696347 91.9915
-1.42791 -0.00474127 91.6924
-0.494237 -0.00263403 90.3455
0.837586 -0.00068684 88.1757
2.57452 0.00106117 85.5246
4.6248 0.00257981 82.7244
7.14295 0.00401808 80.1711
10.5725 0.00557966 78.2395
14.5903 0.00688064 76.6327
18.7058 0.00781216 74.9324
22.6147 0.00849285 72.9741
26.2099 0.00903898 70.8326
29.4873 0.00950394 68.6867
32.4713 0.0099115 66.7173
35.1833 0.0102834 65.0589
37.634 0.0106411 63.783
39.8294 0.0109994 62.8998
41.7779 0.0113643 62.3734
43.4958 0.0117359 62.1438
45.0086 0.0121119 62.1488
621.578 0.400718 566.791
0 0 0
842.872 0.69491 1093.62
273.339 -0.0208775 232.757
38.6162 -0.140396 31.2496
0 0 0
0 0 0
0 0 0
0 0 0
0 0 0
0 0 0
0 0 0
0 0 0
0 0 0
0 0 0
0 0 0
0 0 0
0 0 0
0 0 0
0 0 0
0 0 0
0 0 0
0 0 0
0 0 0
0 0 0
0 0 0
0 0 0
0 0 0
0 0 0
0 0 0
0 0 0
367.395 0.466092 412.881
324.391 -10.4833 382.038
305.443 7.33759 356.553
0 0 0
233.201 1.81771 418.156
150.231 -1.13966 168.044
116.314 -1.61438 119.396
66.0116 -1.20033 65.0333
0 0 0
57.5672 0.0648368 71.6739
54.3767 0.610321 66.639
52.1973 0.899905 103.751
0 0 0
22.0867 1.04337 287.787
0.603542 0.916933 241.46
-14.6128 0.77467 275.045
-26.933 0.611898 276.562
-35.6417 0.478873 263.583
-40.7104 0.377928 244.375
-42.7243 0.292748 225.104
-42.5228 0.212457 210.302
-40.9643 0.135711 202.441
0 0 0
-134.04 0.0175973 456.048
-155.036 -0.0454868 363.547
-153.515 -0.0755183 225.171
-85.9477 -0.0900032 98.5152
-8.91612 -0.0837191 10.2063
0 0 0
0 0 0
0 0 0
0 0 0
-79.8671 -0.0145093 173.981
-95.8745 -0.037191 169.28
-118.9 -0.0271518 179.08
-129.912 -0.028152 168.888
-133.403 -0.0279002 149.678
-117.49 -0.0283341 131.314
-102.046 -0.0211244 116.514
0 0 0
-124.43 0.0373956 885.905
-135.971 0.0186167 960.559
-145.777 0.00394806 890.813
-153.202 -0.00707188 743.933
-158.054 -0.0141762 568.046
0 0 0
-161.33 0.0616018 552.968
-169.891 -0.0389892 262.788
-185.885 -0.0274645 266.514
0 0 0
-192.949 0.0501589 406.492
-191.688 -0.0225774 275.925
-200.973 -0.0103013 300.313
0 0 0
-195.092 0.0751857 441.294
-185.049 -0.0195962 255.39
-184.237 -0.0116652 243.284
0 0 0
-159.473 0.0469287 256.429
-101.813 -0.0117721 109.5
0 0 0
-99.6328 0.00851814 108.726
-33.9985 -0.00559463 37.3691
0 0 0
-23.2148 -0.00172746 25.9011
0 0 0
0 0 0
0 0 0
0 0 0
-28.54 0.00311889 32.9851
0 0 0
-12.4809 0.00903961 69.5441
5.78291 -0.00684103 51.1766
0 0 0
43.3741 0.0136233 86.7689
48.4714 -0.0117547 39.156
0 0 0
76.8882 0.00728672 61.4395
37.9219 -0.0104726 30.1462
0 0 0
93.4339 0.0117731 73.709
54.8374 -0.0117459 43.1052
57.5576 -0.0118722 45.1094
0 0 0
120.51 0.0162836 94.081
64.6677 -0.0148803 50.3924
67.7794 -0.0131345 52.7439
66.8385 -0.00921288 51.9426
67.3587 -0.00730274 52.2735
0 0 0
43.4784 0.0360993 141.207
17.9606 -0.00360735 106.079
4.30626 -0.00485112 117.809
-5.92498 -0.00163261 118.136
-12.7775 9.57483e-005 115.552
-16.3294 -0.000380796 112.518
-17.3401 -0.00202256 110.025
-16.8147 -0.00379723 108.359
-15.62 -0.00521744 107.332
-14.3027 -0.00617961 106.537
-13.0851 -0.00671825 105.592
-11.9664 -0.00688957 104.274
-10.8476 -0.00675008 102.541
-9.62632 -0.00636001 100.471
-8.24287 -0.0057821 98.1976
-6.68659 -0.0050759 95.8481
-4.98034 -0.00429391 93.5132
-3.16042 -0.00348117 91.2403
-1.26139 -0.00267639 89.0413
0.691196 -0.00191289 86.9071
2.67949 -0.00121883 84.8211
4.68192 -0.000617998 82.766
6.77927 -9.46966e-005 80.7848
9.57677 0.000483743 79.1747
13.1308 0.000860011 77.8113
17.0153 0.000884014 76.2791
20.8659 0.00069892 74.3698
24.5047 0.0004649 72.1572
27.8774 0.000250429 69.8585
30.9771 6.63733e-005 67.7015
33.8051 -8.58522e-005 65.8569
36.3607 -0.000199823 64.4179
38.6437 -0.000269756 63.4041
40.6602 -0.000296412 62.7795
42.4267 -0.000287116 62.478
43.9701 -0.000252608 62.4284
470.832 0.193884 453.739
0 0 0
839.742 0.459623 1116.7
396.591 -0.117585 360.472
153.12 -0.222817 124.098
0 0 0
0 0 0
0 0 0
0 0 0
0 0 0
0 0 0
0 0 0
0 0 0
0 0 0
0 0 0
0 0 0
0 0 0
0 0 0
0 0 0
0 0 0
0 0 0
0 0 0
0 0 0
0 0 0
0 0 0
0 0 0
0 0 0
0 0 0
0 0 0
414.57 0.273936 383.033
330.043 0.0758543 314.199
285.664 -0.0399942 290.948
0 0 0
309.57 0.0589636 330.073
120.652 -0.0820954 115.543
91.4705 -0.1081 88.6065
0 0 0
93.9645 -0.0627709 90.7226
64.9641 -0.0616526 64.362
90.3133 -0.0476365 88.2452
0 0 0
108.227 0.0163093 226.634
84.7454 -0.00507988 174.886
66.9563 -0.0238424 193.587
39.6782 -0.0369785 198.585
0 0 0
-0.373852 0.00619595 334.439
-20.3164 -0.0274343 233.934
-31.4519 -0.033639 254.092
-37.7344 -0.032745 247.101
-40.6385 -0.028802 233.883
-41.3036 -0.0243014 221.21
-40.5472 -0.0200456 212.358
-38.9659 -0.0159274 208.835
0 0 0
-140.334 -0.0416103 446.699
-157.868 -0.0559725 334.443
-150.691 -0.0496215 179.142
-39.8517 -0.0433026 45.6534
0 0 0
0 0 0
0 0 0
0 0 0
0 0 0
0 0 0
-102.643 0.0505466 226.599
-129.245 1.37533e-005 188.494
-153.235 -0.0104994 203.233
-163.858 -0.0162785 184.57
-136.801 -0.0223729 156.238
0 0 0
-139.293 0.0303072 828.943
-141.515 0.00577403 912.221
-145.274 -0.0143593 871.677
-149.295 -0.0296767 754.444
-152.76 -0.0400737 600.911
0 0 0
-155.745 0.041648 631.868
-166.308 -0.0702808 311.045
-183.436 -0.0637214 306.177
-186.936 -0.0471879 273.221
0 0 0
-182.082 0.0245707 400.791
-180.108 -0.0508774 265.989
-188.922 -0.040141 285.995
0 0 0
-183.433 0.0446943 410.312
-172.79 -0.0418392 233.746
-170.543 -0.0334799 221.615
0 0 0
-145.203 0.0238913 230.368
-90.2364 -0.0252477 97.2372
0 0 0
-87.765 -0.00486619 95.9396
-30.0775 -0.0139587 33.1076
0 0 0
-22.5856 -0.00758774 25.2251
0 0 0
0 0 0
-17.4628 -0.00470582 19.9142
0 0 0
-18.5308 0.000561646 44.3132
0 0 0
16.0854 0.0123407 72.1901
28.7925 -0.00444825 43.4299
0 0 0
61.1715 0.0191338 68.888
38.9029 -0.000864172 31.5628
0 0 0
77.3538 0.0230706 62.1454
44.0229 0.00252976 35.2078
0 0 0
103.931 0.0297469 82.5547
58.0729 0.00118385 45.9841
58.6934 0.000662598 46.3548
55.2004 0.00222073 43.5033
0 0 0
122.979 0.0333085 96.6893
74.1716 -0.00260277 58.2312
77.7609 -0.0050003 60.9591
59.4734 -0.0037246 61.3325
34.8669 -0.00244124 67.6742
0 0 0
7.37876 0.0414632 170.833
-9.58944 -0.00775743 129.623
-17.5784 -0.0118157 142.357
-21.3444 -0.010352 138.508
-22.1105 -0.00967639 129.213
-20.7363 -0.0105154 118.873
-18.1044 -0.01185 110.024
-15.0684 -0.012735 103.931
-12.3048 -0.0128385 100.731
-10.1936 -0.0122368 99.7724
-8.80066 -0.0111307 100.064
-7.95552 -0.00970615 100.648
-7.37463 -0.00810924 100.827
-6.77588 -0.00645512 100.24
-5.95255 -0.00483418 98.8215
-4.80098 -0.00331261 96.7183
-3.31215 -0.00193338 94.1775
-1.54329 -0.000720113 91.4574
0.415009 0.000317265 88.7667
2.46162 0.00117574 86.2347
4.52629 0.00186684 83.9227
7.0077 0.00257366 82.0269
10.2707 0.00327255 80.5824
13.9605 0.00366177 79.1517
17.6654 0.00377953 77.391
21.1613 0.00378422 75.2646
24.3795 0.00377215 72.9472
27.318 0.00377087 70.6735
29.9865 0.00378717 68.6452
32.3886 0.00383019 66.9933
34.5232 0.0039105 65.7709
36.391 0.0040304 64.9647
38.0016 0.00418499 64.5178
39.3759 0.00436431 64.3558
40.5444 0.00455719 64.4093
41.5431 0.00475324 64.6274
525.003 0.272983 498.797
0 0 0
867.228 0.564637 1060.58
311.417 -0.0752892 274.164
82.1542 -0.18114 67.0547
0 0 0
0 0 0
0 0 0
0 0 0
0 0 0
0 0 0
0 0 0
0 0 0
0 0 0
0 0 0
0 0 0
0 0 0
0 0 0
0 0 0
0 0 0
0 0 0
0 0 0
0 0 0
0 0 0
0 0 0
0 0 0
0 0 0
0 0 0
0 0 0
0 0 0
368.849 0.361585 521.534
357.637 0.170064 401.278
343.135 0.0589036 369.203
0 0 0
230.905 0.0427505 371.74
129.176 -0.0573202 123.997
82.8399 -0.104831 81.5969
40.9415 -0.115876 42.2478
0 0 0
73.8748 -0.0137461 71.9743
70.4787 0.0101041 75.0053
64.958 0.0130015 110.194
0 0 0
29.0609 0.0395269 291.257
5.27329 0.00202294 238.28
-10.6928 -0.0162525 269.981
-23.6427 -0.0267131 270.783
-32.9594 -0.0304186 258.524
-38.5767 -0.0304975 241.018
-41.0557 -0.0291326 223.837
-41.229 -0.0269394 211.007
-39.9584 -0.0239007 204.652
0 0 0
-140.8 -0.0682899 455.856
-159.537 -0.0882047 347.862
-153.707 -0.0821318 194.46
-52.3735 -0.0683303 60.0206
0 0 0
0 0 0
0 0 0
0 0 0
0 0 0
0 0 0
-83.6022 0.010758 260.527
-113.574 -0.0228529 194.64
-140.514 -0.0352511 197.094
-149.513 -0.0477523 176.244
-129.746 -0.0534998 148.22
-106.149 -0.0478368 121.194
0 0 0
-136.469 -0.00744777 938.235
-147.755 -0.0359237 986.757
-155.631 -0.0559609 878.628
-160.239 -0.069311 701.439
0 0 0
-160.751 0.0218292 697.153
-170.849 -0.103928 309.179
-187.277 -0.100004 287.02
-189.353 -0.0823942 241.543
0 0 0
-182.453 -0.0189061 348.796
-179.298 -0.083713 244.201
-188.301 -0.0738603 275.452
0 0 0
-185.024 0.0115292 429.983
-176.377 -0.0761646 258.223
-175.974 -0.0689234 248.073
0 0 0
-152.341 -0.000999834 264.014
-103.621 -0.0539974 111.489
0 0 0
-97.045 -0.0262712 105.929
-29.5848 -0.0300999 32.5134
0 0 0
-14.4652 -0.0218396 16.1292
0 0 0
0 0 0
0 0 0
0 0 0
-23.6848 -0.0101597 27.3464
0 0 0
1.1218 -0.00234403 68.739
16.6319 -0.0141072 49.7238
0 0 0
51.3651 0.0218123 85.1929
48.0668 0.00206425 38.9564
0 0 0
78.726 0.0359817 63.1518
39.5746 0.0160134 31.5986
0 0 0
95.442 0.0526612 75.6459
55.5547 0.0255859 43.8919
57.9082 0.0257046 45.6253
0 0 0
119.684 0.0650457 93.9495
66.2905 0.025026 51.9566
70.189 0.0200136 54.9327
69.2475 0.0165108 54.1161
64.7773 0.011216 54.9814
0 0 0
32.5636 0.0408698 147.333
9.01705 -0.0101167 113.321
-3.17341 -0.0180651 126.626
-11.4718 -0.0193067 126.808
-16.4315 -0.0199276 122.783
-18.427 -0.0208737 117.572
-18.2569 -0.0215236 112.764
-16.8684 -0.0213207 109.152
-15.0711 -0.0202109 106.851
-13.3796 -0.0184263 105.533
-11.9971 -0.016225 104.703
-10.8962 -0.0137926 103.912
-9.93447 -0.0112521 102.865
-8.95205 -0.00869679 101.433
-7.83016 -0.00620868 99.6201
-6.50984 -0.00385969 97.5093
-4.98515 -0.00170819 95.2153
-3.28495 0.000204157 92.8475
-1.45364 0.00185306 90.4903
0.463022 0.00323059 88.1961
2.42303 0.00434151 85.988
4.38456 0.00519816 83.8657
6.53013 0.00596025 81.9195
9.46889 0.00696885 80.3906
13.0523 0.00789421 78.9978
16.8378 0.00857074 77.3458
20.5112 0.00908821 75.3073
23.9397 0.00955903 73.0111
27.0914 0.010034 70.6894
29.9666 0.0105272 68.5618
32.5681 0.0110457 66.7821
34.8954 0.0115953 65.4253
36.9495 0.0121747 64.4951
38.7387 0.0127745 63.9447
40.2821 0.0133804 63.7023
41.6086 0.0139778 63.6962
42.7536 0.0145538 63.8695
570.684 0.425509 531.347
0 0 0
858.589 0.761702 1064.59
284.179 0.0461175 245.646
55.1265 -0.106277 44.9107
0 0 0
0 0 0
0 0 0
0 0 0
0 0 0
0 0 0
0 0 0
0 0 0
0 0 0
0 0 0
0 0 0
0 0 0
0 0 0
0 0 0
0 0 0
0 0 0
0 0 0
0 0 0
0 0 0
0 0 0
0 0 0
0 0 0
0 0 0
0 0 0
0 0 0
369.416 0.553996 344.318
0 0 0
336.801 0.415435 655.789
276.715 0.179636 395.374
235.533 0.0570124 323.48
182.589 -0.0471894 191.395
0 0 0
65.6006 -0.100968 64.3261
1.67767 -0.099696 1.60064
14.9602 -0.0816475 16.4187
0 0 0
59.6844 0.0382771 131.263
43.0676 0.0310202 155.609
31.3762 0.00755412 199.436
0 0 0
0.378346 0.0361737 402.048
-20.1482 -0.024698 288.081
-32.2852 -0.0444689 302.988
-39.2422 -0.0526411 279.782
-42.3029 -0.0545189 247.204
-42.6469 -0.0533749 217.051
-41.2542 -0.0505617 195.763
0 0 0
-131.285 -0.112132 438.357
-151.013 -0.138234 349.055
-149.06 -0.133752 216.269
-83.4839 -0.111294 95.6888
-11.0134 -0.0706512 12.6067
0 0 0
0 0 0
0 0 0
0 0 0
-82.2165 -0.0176925 192.697
-100.257 -0.0669065 172.123
-123.182 -0.0733361 180.015
-133.094 -0.073331 166.443
-133.246 -0.076353 145.174
-112.898 -0.0784253 125.824
-97.702 -0.0599419 111.552
0 0 0
-125.916 -0.0363332 892.803
-138.251 -0.0669188 966.31
-148.137 -0.0944854 892.85
-155.187 -0.117254 742.252
-159.467 -0.133023 563.611
0 0 0
-161.823 -0.0628875 542.764
-169.853 -0.167363 256.647
-185.551 -0.164847 261.507
0 0 0
-192.424 -0.0859085 403.718
-191.061 -0.153265 276.269
-200.28 -0.144408 301.317
0 0 0
-194.408 -0.0499333 443.567
-184.42 -0.136524 256.427
-183.546 -0.126671 243.742
0 0 0
-158.649 -0.0502459 255.317
-100.511 -0.0883962 108.092
0 0 0
-97.2062 -0.0575259 106.074
-32.4855 -0.0527903 35.6894
0 0 0
-21.5103 -0.0388834 23.9875
0 0 0
0 0 0
0 0 0
0 0 0
-29.2597 -0.0187949 33.8198
0 0 0
-11.938 -0.0128191 70.9187
6.26207 -0.0170455 51.7489
0 0 0
43.828 0.0338441 87.0973
48.3924 0.0188231 39.1098
0 0 0
76.7156 0.0629979 61.34
37.9594 0.0411911 30.2129
0 0 0
93.6711 0.0872769 73.9599
55.0287 0.0575614 43.3102
57.7307 0.0572844 45.3035
0 0 0
120.568 0.104932 94.2125
64.8606 0.0577891 50.6039
68.0632 0.0478732 53.0208
67.1208 0.0391866 52.2086
67.5793 0.0289976 52.4803
0 0 0
42.0584 0.0468906 141.693
16.747 -0.0120209 106.896
3.24861 -0.0254671 118.896
-6.74959 -0.030852 119.284
-13.3649 -0.0340585 116.571
-16.7175 -0.0360078 113.284
-17.573 -0.0363698 110.494
-16.9294 -0.0350164 108.561
-15.6469 -0.032287 107.347
-14.2699 -0.028689 106.464
-13.0202 -0.0246358 105.522
-11.8956 -0.0203861 104.271
-10.7924 -0.0160981 102.632
-9.60104 -0.0118911 100.657
-8.25363 -0.00787516 98.4565
-6.7321 -0.00415156 96.1504
-5.05441 -0.000803113 93.8304
-3.25488 0.00211463 91.551
-1.36863 0.00457707 89.3336
0.57657 0.00658923 87.1775
2.56043 0.00817997 85.0724
4.55977 0.00938902 83.0044
6.62813 0.0103393 81.0038
9.34607 0.0116135 79.3576
12.8429 0.0131453 77.9907
16.7037 0.0145574 76.4863
20.55 0.0157977 74.6113
24.1905 0.0169553 72.4208
27.565 0.0180989 70.1262
30.6651 0.0192557 67.9577
33.4927 0.0204353 66.092
36.0475 0.021641 64.6287
38.3294 0.0228676 63.5926
40.3441 0.0241003 62.951
42.1073 0.0253195 62.6389
43.6452 0.0265057 62.5843
44.992 0.027643 62.7266
722.154 0.701968 641.119
0 0 0
849.967 0.919902 1049.53
191.497 0.0961595 155.42
0 0 0
0 0 0
0 0 0
0 0 0
0 0 0
0 0 0
0 0 0
0 0 0
0 0 0
0 0 0
0 0 0
0 0 0
0 0 0
0 0 0
0 0 0
0 0 0
0 0 0
0 0 0
0 0 0
0 0 0
0 0 0
0 0 0
0 0 0
0 0 0
0 0 0
0 0 0
0 0 0
0 0 0
0 0 0
0 0 0
292.712 0.388232 715.759
266.628 0.180876 516.377
216.23 -0.00413342 482.703
140.496 -0.117218 361.404
0 0 0
33.8716 -0.0738331 283.504
6.07084 -0.0980163 85.7432
2.74405 -0.0776098 71.507
-3.9042 -0.0391813 68.1887
0 0 0
0.240545 0.0277405 160.011
-9.39252 0.0207994 156.406
-20.3747 0.0107051 204.189
-29.8207 -0.00458678 237.344
-36.5066 -0.0173634 257.943
-40.5608 -0.0261485 266.072
-42.4033 -0.0316661 263.656
-42.4884 -0.0346791 254.271
0 0 0
-124.676 -0.094674 451.829
-147.327 -0.12992 370.258
-150.44 -0.137514 252.457
-122.174 -0.124275 139.968
-46.8426 -0.0963957 53.6372
-6.4974 -0.0567139 7.42927
-2.33232 -0.0304502 2.66764
-59.4836 -0.0370432 43.3153
-69.0203 -0.0410392 86.4223
-83.3104 -0.0363347 120.621
-91.7767 -0.0365431 142.628
-98.7858 -0.0501674 149.453
-104.584 -0.0621281 147.283
-107.3 -0.0643463 139.759
-109.857 -0.0731291 128.741
-111.71 -0.0725092 119.287
0 0 0
-113.929 -0.052278 832.522
-123.229 -0.0858119 926.425
-133.256 -0.116288 888.842
-142.711 -0.141047 769.531
-150.348 -0.158676 610.775
0 0 0
-157.498 -0.0770891 631.944
-168.788 -0.195335 304.983
-186.061 -0.196941 298.197
0 0 0
-193.444 -0.111413 416.626
-192.323 -0.179093 267.809
-201.508 -0.168382 288.82
0 0 0
-195.543 -0.073195 424.854
-185.357 -0.152082 250.582
-184.983 -0.140663 243.381
0 0 0
-161.814 -0.0602976 270.671
-114.921 -0.102493 123.318
0 0 0
-122.84 -0.0670064 133.739
-48.5035 -0.0605257 53.169
0 0 0
-40.9523 -0.0389704 45.5674
0 0 0
-15.1189 -0.0332809 17.0601
0 0 0
0 0 0
-26.1009 -0.013675 30.0841
0 0 0
-2.66278 0.00304138 59.2586
0 0 0
32.3866 0.0321802 80.1615
41.7677 0.0214212 41.7768
0 0 0
72.5039 0.066243 62.725
35.7129 0.0436376 28.6592
0 0 0
82.9708 0.0876768 65.9646
49.5482 0.0602551 39.2442
53.5063 0.0607383 42.2297
0 0 0
116.495 0.109894 91.4448
62.6099 0.0655418 49.0466
62.8959 0.0591115 49.1802
61.9158 0.052662 48.3412
64.1691 0.0443153 50.0266
0 0 0
77.3374 0.0671015 133.609
45.7963 0.00730984 92.458
27.602 -0.00893808 99.9585
11.301 -0.0191466 100.091
-1.43056 -0.0275466 100.851
-9.7153 -0.033937 103.389
-14.2272 -0.0376844 107.121
-16.2213 -0.038822 110.946
-16.8151 -0.0379368 113.769
-16.7032 -0.035684 114.866
-16.1804 -0.032517 114.061
-15.3075 -0.0286948 111.676
-14.0805 -0.0243973 108.317
-12.5309 -0.0198103 104.635
-10.7477 -0.0151444 101.138
-8.84905 -0.0106106 98.1092
-6.94141 -0.00638893 95.6125
-5.09028 -0.00260654 93.5529
-3.31198 0.000667789 91.7591
-1.58342 0.0034177 90.0554
0.138833 0.00566673 88.3095
1.89829 0.00746377 86.4521
3.7189 0.00886602 84.4719
5.61096 0.00994406 82.4055
7.96572 0.0111512 80.5042
11.2128 0.0128168 78.9595
15.0087 0.0144826 77.4297
18.9064 0.0159656 75.6038
22.6375 0.0173169 73.4521
26.1006 0.0186143 71.1452
29.2754 0.0198964 68.9079
32.1652 0.0211792 66.9289
34.7748 0.0224712 65.3269
37.1075 0.0237736 64.147
39.1696 0.025077 63.3725
40.9748 0.0263647 62.9476
42.5467 0.0276181 62.8017
43.9169 0.0288215 62.8704
551.031 0.60513 515.12
0 0 0
851.638 1.04848 1093.7
322.278 0.275342 283.291
85.0915 0.0251266 69.2217
0 0 0
0 0 0
0 0 0
0 0 0
0 0 0
0 0 0
0 0 0
0 0 0
0 0 0
0 0 0
0 0 0
0 0 0
0 0 0
0 0 0
0 0 0
0 0 0
0 0 0
0 0 0
0 0 0
0 0 0
0 0 0
0 0 0
0 0 0
0 0 0
0 0 0
392.481 0.597494 380.142
329.881 0.386401 347.856
330.935 0.290546 331.483
0 0 0
269.909 0.305485 398.617
164.705 0.129661 156.204
115.334 0.0233696 111.776
63.2017 -0.0469013 63.3948
0 0 0
77.0717 0.00633672 83.0656
70.441 0.000735353 72.6506
71.7435 0.0135037 102.859
0 0 0
42.1059 0.0466346 264.593
14.5893 -0.00477992 223.261
-2.97519 -0.0336831 257.355
-17.9399 -0.0559999 263.39
-29.4997 -0.0707994 256.082
-37.112 -0.0788522 242.23
-41.0948 -0.0812754 227.091
-42.2608 -0.07902 214.729
-41.562 -0.0731163 207.561
-39.8497 -0.0648051 206.28
0 0 0
-140.075 -0.17637 457.995
-159.239 -0.207761 350.921
-153.955 -0.19615 198.228
-55.6892 -0.155925 63.8019
0 0 0
0 0 0
0 0 0
0 0 0
0 0 0
0 0 0
-98.7508 -0.0544586 250.482
-125.091 -0.114157 190.872
-148.191 -0.145549 199.913
-157.078 -0.164976 179.438
-131.021 -0.148051 149.659
0 0 0
-129.34 -0.0765094 747.835
-130.926 -0.0975147 858.967
-135.43 -0.126407 864.962
-141.085 -0.155959 788.319
-146.675 -0.180983 660.792
0 0 0
-152.308 -0.099818 745.866
-165.804 -0.241769 372.903
-184.416 -0.256401 353.079
-188.612 -0.243652 295.402
0 0 0
-183.142 -0.162725 384.817
-180.449 -0.231096 243.378
-188.853 -0.224856 264.529
0 0 0
-183.755 -0.13383 395.706
-173.535 -0.202908 236.921
-172.373 -0.191342 231.568
0 0 0
-149.476 -0.106011 259.68
-110.253 -0.13984 118.443
0 0 0
-113.798 -0.0983796 127.294
-45.0289 -0.082104 49.3891
0 0 0
-36.9254 -0.0522755 41.095
0 0 0
-14.3421 -0.0387898 16.1777
0 0 0
-19.6619 -0.0246712 22.4884
0 0 0
4.84188 0.00589074 46.8237
0 0 0
36.8232 0.0434925 67.4079
43.9746 0.0380824 36.2846
0 0 0
71.4994 0.0899688 58.298
35.2727 0.0641828 28.6162
0 0 0
81.9657 0.119051 65.8648
49.057 0.0897212 39.276
52.5165 0.0916831 41.8945
0 0 0
112.405 0.154181 89.1543
61.5454 0.105619 48.7196
61.3222 0.0984419 48.4499
60.2224 0.089509 47.5076
63.2846 0.07783 49.8477
68.4648 0.0639917 53.8409
70.7289 0.0463328 58.0289
0 0 0
38.0882 0.0482586 157.012
12.1325 -0.0279269 118.64
-1.39941 -0.049998 130.396
-10.5313 -0.0599691 128.417
-15.8276 -0.0647326 122.732
-17.8151 -0.0659431 116.697
-17.5131 -0.0639667 111.863
-16.0427 -0.0593281 108.783
-14.2934 -0.0529174 107.276
-12.7756 -0.0456326 106.754
-11.6392 -0.0381047 106.548
-10.7928 -0.0306732 106.135
-10.0446 -0.0234985 105.227
-9.21157 -0.0166774 103.752
-8.17612 -0.0103032 101.791
-6.8966 -0.00447835 99.4993
-5.39078 0.000699824 97.0453
-3.7095 0.00515737 94.5671
-1.91276 0.00885786 92.1557
-0.0539636 0.0118078 89.8549
1.82462 0.0140511 87.6714
3.68489 0.0156531 85.5871
5.68397 0.016949 83.6569
8.45182 0.0188303 82.1026
11.8901 0.0210126 80.6721
15.5563 0.0230741 78.9784
19.122 0.0249285 76.8919
22.4435 0.0266409 74.5406
25.4839 0.02828 72.1599
28.2425 0.0298893 69.9737
30.7221 0.031494 68.14
32.923 0.0331063 66.7367
34.8468 0.0347217 65.7691
36.5022 0.0363237 65.19
37.9082 0.0378917 64.9264
39.0937 0.0394068 64.903
40.0941 0.0408542 65.06
40.9463 0.0422219 65.359
575.638 0.876851 536.82
0 0 0
869.976 1.39527 1023.05
247.794 0.412865 210.256
29.6163 0.115019 24.3608
0 0 0
0 0 0
0 0 0
0 0 0
0 0 0
0 0 0
0 0 0
0 0 0
0 0 0
0 0 0
0 0 0
0 0 0
0 0 0
0 0 0
0 0 0
0 0 0
0 0 0
0 0 0
0 0 0
0 0 0
0 0 0
0 0 0
0 0 0
0 0 0
0 0 0
354.755 0.590505 431.354
296.129 0.337686 393.285
312.838 0.255649 379.548
0 0 0
224.867 0.29018 455.273
137.65 0.131168 186.697
102.889 0.0413316 137.741
79.4322 -0.00974086 78.3
0 0 0
48.2739 -0.00445336 75.8932
42.4692 0.0185056 63.5521
37.6242 0.0294373 99.7876
0 0 0
9.51061 0.0402675 284.267
-9.07363 -0.0111351 242.308
-22.1648 -0.040149 278.206
-32.0187 -0.0606818 281.578
-38.461 -0.0724546 269.498
-41.7743 -0.077451 250.26
-42.5734 -0.0777634 230.242
-41.6042 -0.0747503 214.275
0 0 0
-133.488 -0.207945 449.436
-153.643 -0.2505 355.495
-151.616 -0.245797 219.11
-83.2389 -0.205058 95.3927
-8.81581 -0.135008 10.0718
0 0 0
0 0 0
0 0 0
0 0 0
-78.3552 -0.0735034 187.237
-94.1477 -0.14761 173.278
-117.337 -0.171926 180.161
-128.544 -0.16736 167.059
-130.93 -0.178175 147.495
-113.679 -0.146896 129.869
-101.061 -0.103534 115.399
0 0 0
-121.17 -0.0935597 882.973
-133.189 -0.141383 959.227
-143.571 -0.185801 891.589
-151.597 -0.222274 746.195
-156.98 -0.247968 570.909
0 0 0
-160.884 -0.184489 556.799
-169.62 -0.299542 264.153
-185.603 -0.31029 267.016
0 0 0
-192.581 -0.2346 404.845
-191.213 -0.299949 274.176
-200.377 -0.296563 298.528
0 0 0
-194.449 -0.195719 439.406
-184.372 -0.2724 254.831
-183.528 -0.260872 243.07
0 0 0
-158.886 -0.164961 257.062
-102.458 -0.180884 110.147
0 0 0
-100.731 -0.137928 109.888
-34.6772 -0.111525 38.0692
0 0 0
-24.0089 -0.0849096 26.7554
0 0 0
0 0 0
0 0 0
-15.4534 -0.0549768 17.7334
0 0 0
-27.7281 -0.0586551 48.6106
0 0 0
9.44733 -0.00225787 82.3528
24.1862 0.00854918 50.5123
0 0 0
59.1018 0.0926014 78.7006
42.6776 0.0781209 34.3312
0 0 0
79.0775 0.14916 62.9835
43.2949 0.118985 34.3613
47.9493 0.123607 37.9078
0 0 0
110.648 0.199821 86.8999
62.1597 0.149144 48.7228
62.3206 0.140696 48.746
59.8198 0.129381 46.7114
61.7239 0.112731 48.1195
0 0 0
94.7417 0.126552 126.482
60.6042 0.0490757 82.7228
40.2809 0.0150912 87.9846
20.8708 -0.0149683 88.4511
4.97863 -0.0405422 91.5599
-5.96029 -0.0589351 97.5925
0 0 0
-13.1397 -0.0215133 198.354
-21.6586 -0.0856863 134.557
-25.5807 -0.0907476 140.885
-25.3814 -0.0824984 130.163
-22.4454 -0.0710071 116.287
-18.1295 -0.059253 104.09
-13.5411 -0.0476423 95.6186
-9.49459 -0.0363705 91.2408
-6.44902 -0.0259529 90.1526
-4.48527 -0.0168661 90.9825
-3.37682 -0.00925264 92.3535
-2.73264 -0.00293626 93.2467
-2.14985 0.00240052 93.1306
-1.32353 0.00704969 91.9142
-0.0939778 0.0111951 89.8062
1.55906 0.0149052 87.1538
3.54847 0.0181581 84.3061
5.79778 0.0210068 81.5639
8.74644 0.0243621 79.3633
12.4764 0.0283038 77.7087
16.5247 0.032142 76.1516
20.4851 0.0355694 74.3705
24.1659 0.0386001 72.3296
27.5263 0.0413443 70.1736
30.584 0.0439065 68.0978
33.3639 0.0463656 66.2701
35.8807 0.0487722 64.7999
38.1404 0.0511471 63.7297
40.1484 0.0534879 63.0451
41.9157 0.0557801 62.6942
43.4631 0.0580084 62.6115
44.8198 0.0601611 62.7374
695.772 1.21768 621.874
0 0 0
845.983 1.55594 1053.1
205.803 0.467529 167.133
0 0 0
0 0 0
0 0 0
0 0 0
0 0 0
0 0 0
0 0 0
0 0 0
0 0 0
0 0 0
0 0 0
0 0 0
0 0 0
0 0 0
0 0 0
0 0 0
0 0 0
0 0 0
0 0 0
0 0 0
0 0 0
0 0 0
0 0 0
0 0 0
0 0 0
0 0 0
0 0 0
0 0 0
0 0 0
334.163 1.14345 630.969
271.378 0.587426 484.958
226.863 0.341969 466.183
165.526 0.081276 357.3
0 0 0
67.7361 -0.152435 286.722
39.2888 -0.268525 82.9294
35.9523 -0.27582 64.7313
35.2072 -0.230878 52.7387
0 0 0
19.7265 -0.08703 144.269
8.84948 -0.0430524 143.1
-3.7231 -0.035636 188.295
-16.965 -0.0320246 221.757
-28.0368 -0.038795 245.406
-35.8104 -0.0485651 257.989
-40.4168 -0.0576695 260.117
-42.4014 -0.0640087 254.375
-42.4139 -0.0666936 244.357
0 0 0
-124.482 -0.195095 450.868
-147.253 -0.2463 371.348
-150.531 -0.255055 254.078
-123.564 -0.229506 141.572
-47.8782 -0.176689 54.8175
-6.9965 -0.110667 7.99004
-2.30063 -0.0684774 2.62562
-52.2936 -0.084208 36.3167
-75.2294 -0.104733 80.8889
-86.8807 -0.10288 119.298
-97.1967 -0.110216 143.709
-104.53 -0.118231 152.883
-110.397 -0.1277 148.83
-111.956 -0.126372 141.044
-113.035 -0.141661 129.682
-106.035 -0.134656 121.095
0 0 0
-111.335 -0.145295 834.959
-121.834 -0.192373 930.717
-133.006 -0.236235 895.33
-143.232 -0.272683 776.741
-151.345 -0.298727 617.231
0 0 0
-158.864 -0.219029 637.642
-170.34 -0.344909 305.99
-187.778 -0.357747 297.841
0 0 0
-195.16 -0.27118 412.837
-193.927 -0.333468 264.839
-203.176 -0.327083 286.181
0 0 0
-197.264 -0.223833 422.626
-187.043 -0.292843 250.208
-186.8 -0.280077 243.536
0 0 0
-163.634 -0.180704 271.651
-115.333 -0.201232 123.88
0 0 0
-122.439 -0.156359 133.465
-47.5373 -0.126014 52.1587
0 0 0
-38.1698 -0.089744 42.5225
0 0 0
-11.0439 -0.0727686 12.4653
0 0 0
0 0 0
-20.5172 -0.041793 23.6959
0 0 0
-7.98064 -0.0212057 55.1604
0 0 0
27.5784 0.0374391 81.8079
38.1499 0.0414335 45.0661
0 0 0
69.9802 0.119687 69.1594
38.8093 0.0960401 31.0526
0 0 0
83.6985 0.168163 66.3233
48.2448 0.134364 38.1025
52.3544 0.136793 41.1994
0 0 0
116.043 0.213048 90.7645
62.725 0.15602 48.9786
63.1056 0.142698 49.1811
61.9937 0.124348 48.2348
63.9659 0.103799 49.6845
0 0 0
78.0122 0.107362 132.3
46.5464 0.0265548 90.4711
28.4173 -0.00726708 97.3782
12.075 -0.0345004 97.3212
-0.777744 -0.0562093 98.2367
-9.2309 -0.0707387 101.153
0 0 0
-13.4508 -0.0272905 196.176
-21.0862 -0.0891731 130.04
-24.5314 -0.0923728 135.541
-24.0218 -0.0822657 124.95
-20.9373 -0.0691589 111.864
-16.6279 -0.0561741 100.731
-12.1576 -0.0437354 93.2551
-8.27302 -0.031991 89.5807
-5.36467 -0.0213782 88.8178
-3.46401 -0.0122861 89.6267
-2.32445 -0.00477723 90.7375
-1.56325 0.00138381 91.265
-0.805126 0.00654929 90.7967
0.219784 0.0110259 89.3214
1.63882 0.015 87.0814
3.44587 0.0185337 84.4159
5.55008 0.0216212 81.6464
8.18804 0.0248729 79.1937
11.7313 0.0289913 77.3611
15.7991 0.0332734 75.7968
19.9153 0.0372135 74.101
23.8043 0.0407202 72.1442
27.3774 0.0438824 70.023
30.6365 0.0468126 67.9224
33.6065 0.0496032 66.0203
36.3067 0.0523191 64.4446
38.7472 0.054994 63.2582
40.9338 0.0576337 62.4637
42.8764 0.0602269 62.0203
44.5928 0.0627574 61.8658
453.983 0.884122 439.355
0 0 0
827.709 1.66599 1123.66
381.72 0.657029 308.071
166.968 0.610019 207.557
0 0 0
0 0 0
0 0 0
0 0 0
0 0 0
0 0 0
0 0 0
0 0 0
0 0 0
0 0 0
0 0 0
0 0 0
0 0 0
0 0 0
0 0 0
0 0 0
0 0 0
0 0 0
0 0 0
0 0 0
0 0 0
0 0 0
0 0 0
343.444 1.06281 468.343
304.566 1.19819 318.186
294.399 1.20429 278.142
0 0 0
239.47 0.634822 226.628
61.3324 0.0994133 58.966
40.2292 -0.0201063 44.8184
0 0 0
87.2704 -0.038196 84.5635
80.5125 -0.0862631 79.2698
0 0 0
173.965 0.0359297 221.614
154.834 -0.0173902 160.453
145.034 -0.0403588 161.426
0 0 0
83.2411 -0.0169003 252.64
45.3133 -0.0832666 170.954
25.0894 -0.127926 189.608
5.60295 -0.161465 194.942
0 0 0
-22.2816 -0.122088 345.82
-34.9605 -0.154865 244.481
-42.5697 -0.156398 266.03
-45.345 -0.146372 258.029
-45.0118 -0.132872 242.557
-43.0777 -0.119516 227.223
0 0 0
-128.152 -0.274078 429.385
-146.966 -0.317756 338.438
-145.18 -0.308616 210.958
-84.1423 -0.256336 96.3592
-15.5844 -0.171812 17.8095
0 0 0
0 0 0
0 0 0
-79.8533 -0.0959437 105.017
-94.4386 -0.129884 127.61
-111.839 -0.166923 155.534
-122.402 -0.192127 164.434
-128.007 -0.206842 158.546
-127.172 -0.200121 147.479
-123.796 -0.202637 132.541
0 0 0
-112.936 -0.191585 752.681
-118.111 -0.228557 871.428
-126.379 -0.272133 880.753
-135.708 -0.313901 803.297
-144.354 -0.347944 671.958
0 0 0
-153.284 -0.264894 750.87
-167.595 -0.415514 370.584
-186.515 -0.441236 348.697
-190.755 -0.424193 289.877
0 0 0
-185.297 -0.324807 376.406
-182.494 -0.382228 239.503
-191.083 -0.377854 262.003
0 0 0
-186.272 -0.276384 395.713
-176.152 -0.33482 238.203
-175.227 -0.320757 233.091
0 0 0
-152.24 -0.215524 261.033
-109.962 -0.2284 118.341
0 0 0
-114.381 -0.177503 124.908
-42.702 -0.136035 46.9255
0 0 0
-32.0438 -0.0898027 35.7425
0 0 0
0 0 0
-10.4233 -0.0494641 11.8726
0 0 0
-19.5277 -0.0392154 30.4958
0 0 0
13.6891 0.0212042 61.9808
26.734 0.0348081 40.7525
0 0 0
58.5876 0.121772 69.8543
41.0416 0.105107 33.3005
0 0 0
78.3645 0.185713 62.9093
42.8704 0.150894 34.2907
0 0 0
100.742 0.236377 79.9012
56.5491 0.185183 44.7412
57.8208 0.179665 45.6182
0 0 0
117.439 0.257902 92.2186
65.0176 0.179301 50.9996
69.4204 0.148084 54.3527
69.0904 0.116856 53.9948
69.4633 0.084532 54.1748
0 0 0
37.0612 0.0530551 144.79
12.3698 -0.0418512 110.607
-0.515736 -0.0765102 123.481
-9.54163 -0.0950112 123.872
-15.1546 -0.104347 120.482
-17.6665 -0.106477 116.104
-17.8803 -0.102516 112.113
-16.7674 -0.0939311 109.138
-15.1561 -0.0824888 107.217
-13.5715 -0.0697648 106.021
-12.2256 -0.0568364 105.111
-11.1035 -0.044298 104.127
-10.0807 -0.0324395 102.854
-9.01856 -0.0214184 101.23
-7.81785 -0.0113566 99.2914
-6.43404 -0.00236794 97.1287
-4.86831 0.00545314 94.8428
-3.1495 0.0120528 92.5196
-1.31684 0.0174331 90.2191
0.59175 0.0216566 87.9751
2.54287 0.0248355 85.7996
4.50072 0.0271032 83.689
6.59461 0.0289521 81.7108
9.44694 0.0318382 80.1336
12.9943 0.0355573 78.7392
16.7971 0.0394121 77.1227
20.518 0.0431093 75.124
24.0047 0.0466422 72.85
27.2166 0.0500795 70.5277
30.1517 0.0534774 68.3804
32.8127 0.0568649 66.5695
35.1996 0.0602427 65.1774
37.3133 0.0635873 64.2143
39.1615 0.0668621 63.6374
40.7622 0.0700296 63.3767
42.1436 0.0730603 63.3596
43.3408 0.0759342 63.5277
592.978 1.34743 547.383
0 0 0
856.444 2.03092 1063.85
268.67 0.908517 229.725
40.5899 0.36831 33.3107
0 0 0
0 0 0
0 0 0
0 0 0
0 0 0
0 0 0
0 0 0
0 0 0
0 0 0
0 0 0
0 0 0
0 0 0
0 0 0
0 0 0
0 0 0
0 0 0
0 0 0
0 0 0
0 0 0
0 0 0
0 0 0
0 0 0
0 0 0
0 0 0
0 0 0
0 0 0
349.018 0.961959 594.126
327.136 0.847335 443.129
304.841 0.79346 408.466
248.414 0.615746 287.205
0 0 0
135.276 0.282303 181.194
29.9052 0.0414583 31.3591
34.1859 0.00551786 33.4575
0 0 0
68.1456 0.0562463 86.9522
60.6797 0.077543 101.064
44.7324 0.0653737 148.126
0 0 0
15.7185 0.0207616 337.143
-6.99807 -0.0651656 262.101
-21.5393 -0.114222 287.457
-31.7966 -0.146417 278.338
-38.1638 -0.164577 256.919
-41.2474 -0.171633 232.917
-41.8311 -0.169667 212.644
-40.7425 -0.160498 199.965
0 0 0
-132.055 -0.384225 448.338
-152.786 -0.443376 358.726
-151.543 -0.431012 224.319
-88.2286 -0.356372 101.104
-12.9593 -0.237346 14.7975
0 0 0
0 0 0
0 0 0
0 0 0
-77 -0.143345 187.873
-92.44 -0.259285 173.022
-115.561 -0.315156 179.396
-126.935 -0.307392 165.959
-129.406 -0.325974 146.638
-113.221 -0.262924 129.337
-100.929 -0.183438 115.249
0 0 0
-119.821 -0.202767 874.13
-131.682 -0.270989 953.749
-142.153 -0.338288 891.62
-150.426 -0.395394 750.891
-156.132 -0.436873 578.443
0 0 0
-160.461 -0.383668 570.356
-169.589 -0.513273 271.25
-185.759 -0.54336 272.246
0 0 0
-192.735 -0.469425 406.16
-191.35 -0.529664 272.512
-200.47 -0.533735 296.307
0 0 0
-194.5 -0.420647 436.333
-184.38 -0.481985 253.907
-183.599 -0.467601 243.007
0 0 0
-159.224 -0.341232 259.426
-104.655 -0.323617 112.456
0 0 0
-104.572 -0.262852 114.035
-37.0592 -0.202143 40.6442
0 0 0
-26.8211 -0.154379 29.8641
0 0 0
0 0 0
0 0 0
-16.4004 -0.0967238 18.8117
0 0 0
-26.4018 -0.103454 48.4344
0 0 0
10.5134 -0.00874442 80.7493
24.9845 0.0272465 49.169
0 0 0
59.5658 0.160686 76.7392
41.9112 0.151393 33.7568
0 0 0
79.0538 0.263626 63.0299
43.647 0.224661 34.7044
48.2537 0.232752 38.2174
0 0 0
110.769 0.351021 87.0805
62.1 0.282999 48.7512
62.2678 0.267712 48.7781
59.6531 0.244855 46.6483
61.5711 0.212571 48.0555
0 0 0
95.9227 0.208236 126.087
61.571 0.100419 82.1771
41.0695 0.0378416 87.3141
21.429 -0.0226186 87.8011
5.32058 -0.0735825 91.0434
-5.78475 -0.109003 97.2743
0 0 0
-13.1341 -0.0825918 198.386
-21.6962 -0.153702 134.806
-25.6417 -0.160728 141.19
-25.4574 -0.147587 130.467
-22.5277 -0.127107 116.544
-18.2096 -0.104417 104.282
-13.6126 -0.0814066 95.7519
-9.55543 -0.0594122 91.3371
-6.50167 -0.0397338 90.2405
-4.53567 -0.0231899 91.0879
-3.43236 -0.00985127 92.4936
-2.80011 0.00079546 93.4274
-2.23391 0.00948719 93.348
-1.42608 0.0168781 92.1578
-0.214349 0.02339 90.0628
1.42353 0.0292017 87.4111
3.40195 0.0343027 84.5548
5.63312 0.0387499 81.7933
8.53413 0.0440291 79.556
12.2306 0.0505802 77.8808
16.2674 0.0573132 76.3238
20.2295 0.0635395 74.5502
23.9166 0.0691313 72.5124
27.2832 0.0742225 70.3509
30.3462 0.0789939 68.2608
33.1306 0.0835898 66.413
35.6517 0.0880956 64.9199
37.9157 0.0925393 63.8275
39.9275 0.0969086 63.1234
41.6978 0.101174 62.7568
43.2468 0.105307 62.6622
44.6034 0.109287 62.779
666.819 1.96122 600.718
0 0 0
845.952 2.6393 1060.25
225.6 1.06875 183.302
0.476053 0.476053 0.578568
0 0 0
0 0 0
0 0 0
0 0 0
0 0 0
0 0 0
0 0 0
0 0 0
0 0 0
0 0 0
0 0 0
0 0 0
0 0 0
0 0 0
0 0 0
0 0 0
0 0 0
0 0 0
0 0 0
0 0 0
0 0 0
0 0 0
0 0 0
0 0 0
0 0 0
0 0 0
0 0 0
333.925 0.826937 657.193
293.135 0.379256 476.311
258.035 0.234282 437.475
197.68 0.141392 310.996
0 0 0
97.8442 0.187932 200.442
41.4801 0.206702 40.6556
22.1136 0.189287 25.8027
29.3261 0.250899 30.7836
0 0 0
43.2113 0.328805 146.25
29.5331 0.257436 158.925
16.5042 0.181887 205.187
-0.349521 0.0832551 235.639
0 0 0
-25.0962 -0.0390527 439.561
-38.1644 -0.173223 301.71
-46.1528 -0.227487 311.128
-48.6887 -0.246634 280.732
-47.5542 -0.243118 242.892
-44.5267 -0.226375 210.318
0 0 0
-140.559 -0.501745 427.122
-155.295 -0.545331 315.052
-143.057 -0.497551 163.998
-32.2128 -0.366563 36.8449
0 0 0
0 0 0
0 0 0
0 0 0
0 0 0
0 0 0
-93.8861 -0.245934 262.975
-124.121 -0.391147 197.381
-147.302 -0.437156 203.089
-155.883 -0.477657 178.191
-129.75 -0.402753 148.165
0 0 0
-132.298 -0.29662 797.172
-135.44 -0.319278 890.372
-140.219 -0.365476 866.137
-145.305 -0.41867 763.54
-149.844 -0.466019 619.846
0 0 0
-154.159 -0.416948 670.426
-165.767 -0.575136 332.461
-183.327 -0.622898 322.456
-186.978 -0.615524 280.864
0 0 0
-181.803 -0.518564 394.677
-179.477 -0.58048 257.468
-187.994 -0.589031 277.682
0 0 0
-182.518 -0.479921 403.738
-171.951 -0.52902 233.925
-169.973 -0.511515 224.178
0 0 0
-145.512 -0.378584 239.637
-96.8879 -0.348493 104.232
0 0 0
-97.831 -0.282326 106.785
-35.6451 -0.211546 39.1186
0 0 0
-28.4498 -0.152064 31.6941
0 0 0
-13.4571 -0.116713 15.1873
0 0 0
-24.4162 -0.0890937 27.9798
0 0 0
5.27481 -0.0107362 55.484
0 0 0
38.1913 0.100257 73.8124
45.6887 0.120535 37.8666
0 0 0
71.3112 0.240742 58.0717
34.583 0.20136 28.0695
0 0 0
82.4155 0.323208 66.2027
50.0363 0.280068 40.094
53.733 0.286582 42.9071
0 0 0
114.572 0.415507 90.8814
62.1318 0.330958 49.2429
62.3557 0.305123 49.3245
61.7857 0.265907 48.7841
64.7334 0.223899 51.0049
69.388 0.17991 54.5469
0 0 0
55.2685 0.116301 148.185
26.5269 -0.020502 109.325
10.6902 -0.0876714 119.746
-1.69814 -0.135022 118.757
-10.2244 -0.165363 115.605
-14.8351 -0.179118 112.841
-16.4456 -0.178719 111.247
-16.2842 -0.16808 110.778
-15.3823 -0.151249 110.924
-14.3589 -0.131354 111.047
-13.4387 -0.110315 110.661
-12.5931 -0.0891293 109.554
-11.6976 -0.0683296 107.77
-10.6437 -0.0483269 105.505
-9.38527 -0.0295511 103
-7.93614 -0.0124439 100.46
-6.34473 0.00261266 98.0143
-4.66612 0.0153666 95.714
-2.94345 0.0257322 93.5515
-1.20111 0.0337887 91.4868
0.552463 0.0397493 89.4733
2.31333 0.0439034 87.4735
4.07687 0.0465809 85.4694
6.1726 0.0492351 83.6052
9.13253 0.0538533 82.0573
12.677 0.0596261 80.5041
16.3557 0.0655263 78.6285
19.883 0.0711262 76.3941
23.1456 0.0764031 73.9767
26.1185 0.0814599 71.6144
28.8025 0.086394 69.5102
31.2012 0.0912597 67.7938
33.3167 0.0960648 66.5169
35.1544 0.100782 65.6651
36.7272 0.105368 65.1806
38.0582 0.109782 64.988
39.179 0.113995 65.0158
40.1256 0.117986 65.2109
40.934 0.121737 65.5415
628.474 2.29177 575.466
0 0 0
869.088 3.03036 996.253
200.039 1.34702 164.001
0 0 0
0 0 0
0 0 0
0 0 0
0 0 0
0 0 0
0 0 0
0 0 0
0 0 0
0 0 0
0 0 0
0 0 0
0 0 0
0 0 0
0 0 0
0 0 0
0 0 0
0 0 0
0 0 0
0 0 0
0 0 0
0 0 0
0 0 0
0 0 0
0 0 0
0 0 0
0 0 0
329.364 3.40592 517.465
307.592 3.1639 410.584
265.321 2.40432 390.844
0 0 0
140.25 0.121301 452.705
65.6287 -0.821201 199.53
43.752 -1.1208 159.153
31.4094 -1.24368 106.256
0 0 0
15.2412 -0.984412 127.362
10.1675 -0.800723 99.8555
6.04056 -0.670894 135.155
-4.02506 -0.528227 167.617
0 0 0
-24.6577 -0.23393 366.171
-36.629 -0.173953 277.394
-44.6681 -0.14926 301.601
-47.8558 -0.133604 288.381
-47.6316 -0.12415 262.699
-45.4637 -0.119334 235.449
0 0 0
-134.748 -0.480962 436.371
-152.238 -0.556118 335.573
-147.861 -0.540892 198.689
-68.3823 -0.445389 78.3094
0 0 0
0 0 0
0 0 0
0 0 0
0 0 0
-90.1303 -0.313024 196.962
-113.976 -0.422245 166.355
-133.359 -0.445872 180.173
-142.184 -0.456518 168.853
-135.356 -0.447434 150.147
-114.181 -0.355271 130.405
-99.7882 -0.256635 113.919
0 0 0
-131.979 -0.361994 942.329
-145.274 -0.448931 997.607
-154.841 -0.523087 894.174
-160.759 -0.578681 717.863
0 0 0
-162.376 -0.510552 716.938
-173.068 -0.678538 316.462
-189.885 -0.726004 290.834
-192.059 -0.707791 241.142
0 0 0
-184.983 -0.599225 341.225
-181.661 -0.640006 238.645
-190.835 -0.647161 270.988
0 0 0
-187.867 -0.534921 428.172
-179.373 -0.588537 259.6
-179.367 -0.575235 250.575
0 0 0
-155.955 -0.431006 269.034
-106.103 -0.400997 114.298
0 0 0
-98.7622 -0.320294 107.981
-29.2117 -0.232501 32.0918
0 0 0
-11.2078 -0.166253 12.4698
0 0 0
0 0 0
0 0 0
0 0 0
0 0 0
-23.5147 -0.0802593 36.1036
0 0 0
12.0139 -0.0497957 82.4147
25.7896 0.0005984 54.5152
0 0 0
59.964 0.183235 88.6184
48.1284 0.19049 38.6431
0 0 0
81.9786 0.34098 65.1967
42.3068 0.297451 33.5891
46.9546 0.310453 37.1379
0 0 0
110.069 0.45986 86.366
62.4847 0.3841 48.9869
63.0768 0.364583 49.3484
61.5274 0.326531 48.0457
63.4237 0.278645 49.4173
0 0 0
86.9576 0.243614 129.696
53.9402 0.111277 86.327
34.6184 0.0318159 92.2096
16.6604 -0.0428063 92.3203
2.2142 -0.103909 94.3684
-7.54794 -0.145095 98.9703
0 0 0
-13.3535 -0.12021 197.099
-21.4757 -0.193715 132.379
-25.1983 -0.200813 138.347
-24.871 -0.183965 127.721
-21.8747 -0.157662 114.245
-17.5647 -0.128309 102.57
-13.0307 -0.0986098 94.5856
-9.05771 -0.0704628 90.5576
-6.07488 -0.0455173 89.6423
-4.1411 -0.0247073 90.4828
-3.0208 -0.00802098 91.7512
-2.32657 0.00524793 92.4897
-1.66778 0.0160464 92.2214
-0.755082 0.0251935 90.8918
0.557027 0.0332088 88.7253
2.2782 0.040307 86.0659
4.31486 0.0464696 83.2477
6.66686 0.0520827 80.5922
9.83672 0.0592532 78.5406
13.7097 0.0677071 76.9447
17.8004 0.076141 75.3514
21.7472 0.0838721 73.506
25.3992 0.0908333 71.4263
28.7335 0.0972191 69.278
31.7714 0.103256 67.2539
34.5355 0.109115 65.5098
37.0382 0.114887 64.139
39.2849 0.120592 63.1696
41.2819 0.126208 62.5762
43.0426 0.131699 62.3021
44.5902 0.137031 62.282
550.204 2.02793 513.138
0 0 0
844.273 3.17196 1107.83
335.468 1.86576 296.166
94.7653 0.968035 77.4212
0 0 0
0 0 0
0 0 0
0 0 0
0 0 0
0 0 0
0 0 0
0 0 0
0 0 0
0 0 0
0 0 0
0 0 0
0 0 0
0 0 0
0 0 0
0 0 0
0 0 0
0 0 0
0 0 0
0 0 0
0 0 0
0 0 0
0 0 0
0 0 0
0 0 0
394.832 3.04914 370.848
357.934 -9.91308 343.366
0 0 0
325.823 8.47341 542.953
238.539 7.06488 252.029
188.264 4.20519 182.164
90.0223 1.96972 89.7851
0 0 0
29.1566 -0.253636 30.0618
31.2211 -0.731906 30.1978
0 0 0
77.2889 -1.09171 142.036
66.3354 -1.11101 146.62
48.1188 -1.08066 189.193
0 0 0
13.9123 -0.950924 374.949
-10.0701 -0.822359 269.759
-24.4219 -0.756797 285.947
-33.8584 -0.681817 267.632
-39.2617 -0.608557 240.838
-41.522 -0.538734 215.833
-41.5479 -0.466997 198.164
-40.1846 -0.391274 190.339
0 0 0
-129.573 -0.79769 446.987
-151.093 -0.872121 362.976
-151.177 -0.831721 232.649
-97.1541 -0.683582 111.312
-21.105 -0.459145 24.0867
0 0 0
0 0 0
0 0 0
-66.574 -0.265125 76.2623
-73.2074 -0.407416 142.819
-83.8456 -0.514218 170
-98.8727 -0.566617 167.835
-109.541 -0.612613 154.843
-113.072 -0.522425 141.329
-112.216 -0.409306 129.183
-104.124 -0.330879 118.937
0 0 0
-112.713 -0.4853 865.208
-124.318 -0.629838 948.593
-135.653 -0.762163 893.045
-145.434 -0.868225 757.621
-152.759 -0.941761 588.059
0 0 0
-159.28 -0.899492 586.183
-169.32 -1.05454 278.943
-185.846 -1.12573 277.494
0 0 0
-192.997 -1.04714 406.07
-191.619 -1.08915 269.603
-200.712 -1.10881 292.876
0 0 0
-194.763 -0.964529 432.006
-184.595 -0.989285 252.591
-183.9 -0.96849 242.768
0 0 0
-159.835 -0.770858 261.99
-107.025 -0.672327 114.95
0 0 0
-108.419 -0.572367 118.208
-39.2565 -0.427645 42.984
0 0 0
-28.885 -0.329328 32.1199
0 0 0
0 0 0
0 0 0
-15.6778 0.494724 17.393
0 0 0
-25.2874 2.80055 46.6462
0 0 0
9.9233 -0.563176 75.5341
30.2185 7.14775 49.1455
0 0 0
56.0859 0.008099 71.4858
39.4577 6.12886 36.1885
0 0 0
75.3412 0.544527 61.6031
44.4586 7.12994 40.4789
56.2368 3.57127 43.9232
0 0 0
100.322 -0.459796 79.973
59.8756 9.27527 54.0093
70.8595 4.75925 54.6173
63.5395 1.76304 49.9529
62.8554 0.147085 48.1658
0 0 0
84.9345 -1.80547 102.183
55.031 2.01972 69.6733
46.0589 13.485 88.0714
27.6362 7.61992 99.436
9.87203 2.97326 106.475
-3.88132 0.211383 110.814
-12.7731 -1.0851 113.038
-17.4902 -1.58392 113.477
-19.2038 -1.72634 112.503
-19.0137 -1.70865 110.57
-17.7646 -1.59864 108.142
-16.0289 -1.42255 105.614
-14.1519 -1.20045 103.262
-12.3132 -0.952591 101.235
-10.5842 -0.697373 99.5592
-8.972 -0.449615 98.1644
-7.4486 -0.220424 96.9235
-5.96906 -0.017721 95.6943
-4.48408 0.15327 94.3551
-2.94917 0.289711 92.8268
-1.33117 0.390887 91.08
0.38807 0.457916 89.1292
2.2099 0.493412 87.0185
4.11395 0.50109 84.804
6.10683 0.485661 82.5629
8.68541 0.454944 80.6038
12.0995 0.415404 78.9794
15.9503 0.369996 77.2956
19.829 0.32155 75.2801
23.5161 0.273323 72.9516
26.9391 0.228497 70.507
30.0882 0.189702 68.1791
32.9672 0.158795 66.1553
35.5774 0.136822 64.548
37.9185 0.124074 63.3937
39.9938 0.120207 62.6673
41.8161 0.124383 62.3058
43.4086 0.135417 62.2339
44.8032 0.151899 62.3846
681.622 3.79363 611.372
0 0 0
844.29 4.94323 1059.1
216.814 2.38323 176.575
0 0 0
0 0 0
0 0 0
0 0 0
0 0 0
0 0 0
0 0 0
0 0 0
0 0 0
0 0 0
0 0 0
0 0 0
0 0 0
0 0 0
0 0 0
0 0 0
0 0 0
0 0 0
0 0 0
0 0 0
0 0 0
0 0 0
0 0 0
0 0 0
0 0 0
0 0 0
0 0 0
0 0 0
336.732 0.196049 488.422
299.76 0.240658 424.759
262.138 7.71739 408.288
0 0 0
170.194 -4.07336 495.344
100.762 -2.4592 206.106
70.426 -1.01573 151.554
50.1267 -0.070632 85.6956
0 0 0
26.6591 0.429589 78.2481
25.1897 0.357983 66.8644
21.8733 0.27355 105.603
0 0 0
-0.818349 -0.0049824 295.724
-16.5899 -0.227283 249.475
-28.1604 -0.361904 284.7
-36.2708 -0.448337 286.052
-41.0177 -0.493 271.696
-42.9429 -0.502332 250.501
-42.733 -0.483706 229.164
0 0 0
-123.712 -0.872214 443.515
-146.069 -0.985008 367.489
-149.235 -0.972195 252.736
-124.206 -0.846181 142.332
-49.7512 -0.621497 56.9147
-9.26195 -0.383904 10.5263
-4.28106 -0.238663 4.86771
-27.2219 -0.221353 31.1813
-65.2967 -0.301145 74.7788
-73.8569 -0.366474 130.635
-82.7068 -0.449804 154.896
-94.661 -0.52368 154.545
-101.824 -0.505156 146.514
-106.541 -0.53443 134.651
-109.471 -0.557353 124.524
-103.217 -0.484803 117.873
0 0 0
-108.915 -0.638017 814.217
-119.307 -0.746461 918.262
-130.631 -0.870199 895.822
-141.201 -0.987309 788.085
-149.793 -1.07998 635.091
0 0 0
-157.924 -1.04008 669.388
-170.186 -1.22278 322.465
-188 -1.30926 309.889
-191.482 -1.28606 268.304
0 0 0
-186.084 -1.12278 379.689
-183.49 -1.14935 251.675
-192.341 -1.16786 274.26
0 0 0
-187.285 -1.01957 404.102
-176.8 -1.02791 235.496
-175.119 -0.999017 225.675
0 0 0
-150.173 -0.785917 239.147
-94.456 -0.661445 101.98
0 0 0
-89.9752 -0.541675 98.6354
-28.6007 -0.391936 31.4566
0 0 0
-15.3964 -0.28959 17.1742
0 0 0
0 0 0
0 0 0
0 0 0
-27.0237 -0.139593 31.4572
0 0 0
6.10938 -0.101181 72.5241
21.0513 -0.0112547 49.5094
0 0 0
55.4601 0.268065 82.5973
46.0332 0.298544 37.0884
0 0 0
79.4232 0.540417 63.3579
41.2505 0.483959 32.899
0 0 0
100.364 0.728622 79.1797
57.1988 0.635629 45.1258
59.1333 0.625828 46.5261
0 0 0
121.884 0.817946 95.2037
66.9058 0.617405 52.27
70.4415 0.503494 54.8669
68.7947 0.385426 53.4228
61.6827 0.257874 54.0773
0 0 0
30.0431 0.0576452 145.551
7.23888 -0.148213 111.36
-4.50501 -0.246599 124.046
-12.3694 -0.302468 123.801
-16.9517 -0.326951 119.522
-18.6557 -0.325561 114.228
-18.2786 -0.304185 109.483
-16.7509 -0.269556 106.023
-14.8598 -0.228152 103.904
-13.098 -0.185007 102.746
-11.6505 -0.143244 102.022
-10.4774 -0.104378 101.281
-9.42939 -0.0689294 100.236
-8.34546 -0.0369954 98.7791
-7.10912 -0.00859005 96.9345
-5.66559 0.0162394 94.7998
-4.01321 0.037433 92.4955
-2.18392 0.0549913 90.1304
-0.223478 0.0690408 87.7837
1.82247 0.079864 85.5014
3.91208 0.0878677 83.3007
6.00835 0.0935434 81.18
8.3826 0.0992775 79.2835
11.5831 0.108999 77.8342
15.3686 0.121614 76.4843
19.3048 0.135148 74.8468
23.1106 0.148584 72.8277
26.6745 0.161729 70.576
29.9719 0.174692 68.3274
33.003 0.187586 66.2954
35.7679 0.200426 64.6236
38.2642 0.213132 63.3767
40.4923 0.225566 62.5501
42.461 0.237587 62.0923
44.1905 0.24908 61.9317
45.7111 0.259976 61.9994
691.716 4.31343 618.084
0 0 0
838.795 5.46445 1072.98
221.466 2.65967 180.112
0 0 0
0 0 0
0 0 0
0 0 0
0 0 0
0 0 0
0 0 0
0 0 0
0 0 0
0 0 0
0 0 0
0 0 0
0 0 0
0 0 0
0 0 0
0 0 0
0 0 0
0 0 0
0 0 0
0 0 0
0 0 0
0 0 0
0 0 0
0 0 0
0 0 0
0 0 0
0 0 0
0 0 0
340.237 1.15463 448.722
281.355 0.286512 418.612
289.973 0.445661 409.492
0 0 0
200.531 0.948631 499.383
115.483 0.80966 210.489
79.9048 0.802243 157.85
46.0864 0.729152 96.6607
0 0 0
43.4707 0.738714 75.4109
39.082 0.731831 62.478
26.5029 0.648655 104.841
0 0 0
7.29093 0.41059 280.114
-10.7973 0.143847 239.539
-23.7644 -0.0311174 276.046
-33.1786 -0.16378 280.931
-39.1123 -0.250005 270.346
-42.0262 -0.296903 252.152
-42.5613 -0.315926 232.612
-41.4325 -0.316773 216.609
0 0 0
-137.355 -0.912357 450.189
-156.266 -1.04727 347.547
-151.875 -1.01432 202.761
-65.0904 -0.808885 74.4987
0 0 0
0 0 0
0 0 0
0 0 0
0 0 0
-77.9023 -0.453747 161.928
-93.1107 -0.665611 170.218
-116.8 -0.825503 181.854
-129.049 -0.817569 173.958
-131.974 -0.85932 157.289
-122.282 -0.707278 139.646
-107.684 -0.521399 122.94
0 0 0
-125.076 -0.654607 922.544
-136.793 -0.784763 981.849
-146.588 -0.911916 888.761
-153.858 -1.01788 722.413
0 0 0
-158.474 -0.998886 740.639
-170.74 -1.22251 333.73
-188.274 -1.33064 305.937
-191.048 -1.32122 250.824
0 0 0
-184.503 -1.17785 342.729
-181.268 -1.20037 234.876
-190.32 -1.22662 266.225
0 0 0
-187.287 -1.0911 421.902
-178.706 -1.1096 257.724
-178.772 -1.09139 250.341
0 0 0
-155.92 -0.874551 273.397
-110.224 -0.767976 118.595
0 0 0
-106.008 -0.640541 115.782
-33.7417 -0.455033 36.9719
0 0 0
-16.6067 -0.319877 18.4414
0 0 0
0 0 0
0 0 0
0 0 0
0 0 0
-20.264 -0.134646 37.0158
0 0 0
14.3638 -0.0755463 79.9435
27.5261 0.0323357 51.9566
0 0 0
61.085 0.345567 84.2476
46.1983 0.370569 37.2121
0 0 0
81.6272 0.633059 65.1155
43.1212 0.569489 34.4169
47.735 0.593889 37.9556
0 0 0
110.506 0.856136 86.9939
62.4726 0.737961 49.2129
63.001 0.701942 49.5228
61.3376 0.629455 48.1114
63.3459 0.538464 49.5381
0 0 0
88.7714 0.444478 129.504
55.3224 0.230069 85.948
35.6625 0.0771393 91.7382
17.3243 -0.072947 91.8887
2.55507 -0.195864 94.0831
-7.42662 -0.277761 98.8932
0 0 0
-13.0634 -2.80565 182.726
-18.0071 2.44586 124.202
-20.8643 3.62357 134.866
-21.2338 3.40558 130.217
-19.847 2.7882 121.697
-17.4377 2.15663 112.891
-14.5959 1.60617 105.435
-11.781 1.1277 99.974
-9.29614 0.700409 96.4216
-7.26005 0.318134 94.2527
-5.62317 -0.0139868 92.8076
-4.22774 -0.288127 91.5203
-2.88366 -0.498944 90.031
-1.43098 -0.645075 88.1998
0.225588 -0.728857 86.0588
2.1087 -0.7556 83.7373
4.17394 -0.732882 81.3888
6.46231 -0.668928 79.2033
9.52254 -0.569223 77.5553
13.3098 -0.443724 76.3076
17.3545 -0.304696 75.0202
21.2845 -0.1627 73.4472
24.9318 -0.0258419 71.6137
28.2592 0.0998541 69.688
31.2784 0.210054 67.8601
34.0076 0.301911 66.2789
36.4595 0.373945 65.0299
38.6425 0.425931 64.1358
40.5676 0.458761 63.5698
42.2527 0.474258 63.2776
43.7248 0.474958 63.1999
453.417 3.49207 441.133
0 0 0
840.356 6.00101 1112.94
376.045 3.5929 304.852
159.111 3.31243 198.074
0 0 0
0 0 0
0 0 0
0 0 0
0 0 0
0 0 0
0 0 0
0 0 0
0 0 0
0 0 0
0 0 0
0 0 0
0 0 0
0 0 0
0 0 0
0 0 0
0 0 0
0 0 0
0 0 0
0 0 0
0 0 0
0 0 0
0 0 0
336.34 4.76096 447.976
306.564 6.69954 321.135
301.311 6.84187 287.98
0 0 0
270.166 3.20105 256.192
78.935 0.588457 75.9885
52.0698 -0.206734 55.8097
0 0 0
89.5677 -1.01667 85.365
75.9684 -1.30922 73.9782
0 0 0
156.107 13.5951 193.22
143.791 4.61005 156.514
132.886 -1.57728 171.747
0 0 0
58.3447 -3.93855 269.399
27.6487 12.735 178.03
14.2748 8.07008 206.741
-1.64218 3.66813 215.04
-15.9056 0.188681 217.101
0 0 0
-27.9794 -9.73374 375.186
-34.9363 0.579913 250.677
-40.5733 6.32592 267.775
-42.7064 8.41369 256.51
0 0 0
-124.917 3.09323 438.791
-146.644 0.267825 355.617
-148.97 -1.78633 238.613
-112.411 -3.13104 128.62
-40.3679 -3.72779 45.7634
-3.07121 -3.07121 3.0338
-34.2761 -3.93685 15.4583
-55.7138 -3.47853 47.5906
-69.817 -2.63228 85.1576
-78.5854 -1.53923 119.824
-86.1606 -0.801263 141.398
-93.5565 -0.360566 149.374
-98.7002 -0.112011 147.583
-103.885 -0.150876 138.468
-108.014 -0.300541 127.598
-103.286 -0.354172 118.004
0 0 0
-114.134 -0.893599 872.011
-125.813 -1.13319 953.892
-137.104 -1.35106 894.673
-146.745 -1.53299 755.745
-153.839 -1.66535 583.768
0 0 0
-160.003 -1.65265 577.528
-169.859 -1.83803 274.344
-186.411 -1.9595 274.236
0 0 0
-193.795 -1.85056 406.085
-192.6 -1.85372 271.53
-201.941 -1.88439 295.304
0 0 0
-196.223 -1.67805 435.564
-186.19 -1.64908 254.106
-185.617 -1.61415 243.707
0 0 0
-161.376 -1.31389 261.393
-105.882 -1.10067 113.766
0 0 0
-105.677 -0.940079 115.314
-37.1952 -0.691069 40.6754
0 0 0
-25.475 -0.534662 28.2929
0 0 0
0 0 0
0 0 0
0 0 0
-23.2723 -0.307464 26.9837
0 0 0
-13.8689 -0.308951 63.5661
0 0 0
26.4027 5.04407 87.4452
39.2485 3.88519 51.2418
0 0 0
72.5445 4.91422 71.0579
42.6406 3.08732 32.9511
0 0 0
75.109 5.55097 66.1826
54.9125 3.2107 41.9859
55.0997 1.42164 43.4741
0 0 0
102.945 6.73505 89.7372
71.2931 4.13424 53.4635
66.2369 1.76146 51.7759
63.6328 0.338417 48.6067
63.3506 -0.318569 48.0196
0 0 0
58.9387 -1.80641 107.576
42.3113 12.7377 88.0449
27.1612 7.58591 106.001
11.5041 3.21023 111.9
-1.84582 0.57624 113.233
-11.0179 -0.658954 112.477
-16.0506 -1.13301 110.814
-17.9258 -1.27558 108.941
-17.8082 -1.2791 107.221
-16.6692 -1.20894 105.733
-15.1553 -1.0879 104.39
-13.6011 -0.931363 103.063
-12.1161 -0.754426 101.66
-10.6874 -0.570563 100.152
-9.26155 -0.390378 98.5447
-7.78955 -0.221723 96.8608
-6.24275 -0.0702826 95.1142
-4.61077 0.0600263 93.3075
-2.89389 0.166896 91.435
-1.09658 0.249536 89.4908
0.775601 0.308518 87.4751
2.71531 0.345545 85.397
4.70568 0.363112 83.2722
6.75429 0.364563 81.1389
9.34037 0.357905 79.2797
12.7665 0.34946 77.7735
16.655 0.339294 76.2206
20.5954 0.327249 74.3286
24.3608 0.314449 72.1023
27.8724 0.302728 69.7359
31.1162 0.293854 67.4654
34.0933 0.289119 65.4828
36.8032 0.289236 63.9049
39.2442 0.29438 62.7711
41.4192 0.304304 62.0583
43.3407 0.318463 61.705
45.0319 0.336126 61.6375
538.737 5.10277 503.47
0 0 0
839.492 7.94772 1121.1
354.913 5.56628 315.712
110.788 3.22395 91.3745
0 0 0
0 0 0
0 0 0
0 0 0
0 0 0
0 0 0
0 0 0
0 0 0
0 0 0
0 0 0
0 0 0
0 0 0
0 0 0
0 0 0
0 0 0
0 0 0
0 0 0
0 0 0
0 0 0
0 0 0
0 0 0
0 0 0
0 0 0
0 0 0
0 0 0
406.086 4.8132 423.358
341.108 4.14383 345.594
315.179 4.0055 318.023
0 0 0
279.604 3.49404 350.002
127.508 2.40045 121.653
87.4793 1.81646 85.6288
50.1535 1.31035 51.2035
0 0 0
93.6518 0.960956 91.5804
83.0397 0.648418 82.1641
98.9897 0.613314 108.655
0 0 0
63.1363 0.424966 258.01
32.7953 0.0442217 209.884
13.3136 -0.180943 240.388
-5.29474 -0.429005 246.132
-20.9412 -0.659097 241.476
0 0 0
-35.7283 -0.820406 387.022
-43.3071 -0.986799 256.46
-48.7521 -1.06694 270.166
-49.3806 -1.03101 253.427
-46.9418 -0.927505 232.204
0 0 0
-142.149 -2.04993 438.207
-157.424 -2.19406 324.376
-149.055 -2.02555 173.641
-39.7299 -1.49702 45.2428
0 0 0
0 0 0
0 0 0
0 0 0
0 0 0
-79.3148 -1.02483 139.591
-102.05 -1.42571 157.068
-123.234 -1.55736 180.736
-135.416 -1.63981 181.329
-139.683 -1.71745 169.122
-132.087 -1.45284 150.795
0 0 0
-122.561 -1.41555 800.343
-126.862 -1.50567 899.026
-133.624 -1.69531 880.075
